# time = 2.000000000000e-09
# x  density  temperature  T_rad  velocity_x  pressure  mass_coord
-4.491403111242e-02 9.249690429830e-04 1.156866779219e+06 1.160299002487e+06 -2.566770799504e+07 2.080359058292e+10 5.603937051379e-06
-4.008094631587e-02 1.069593127838e-03 1.151980028783e+06 1.159771165513e+06 -2.309966878506e+07 2.341291386858e+10 1.031647265858e-05
-3.610220260576e-02 1.629617113133e-03 1.153565737115e+06 1.159176715897e+06 -2.134273229499e+07 3.370364728811e+10 1.650099968538e-05
-3.249078666799e-02 2.367078123650e-03 1.152927340030e+06 1.158343192489e+06 -1.949171403754e+07 4.642174671715e+10 2.459582492831e-05
-2.926269430052e-02 3.329661501881e-03 1.152397793293e+06 1.157209339982e+06 -1.779696944102e+07 6.220760620531e+10 3.464564652395e-05
-2.645424416062e-02 4.519701010748e-03 1.151423086329e+06 1.155753807463e+06 -1.630874460810e+07 8.079524234739e+10 4.651670443518e-05
-2.400966633119e-02 5.925585269195e-03 1.150010503958e+06 1.153973435037e+06 -1.501210819823e+07 1.017858285376e+11 6.006895498236e-05
-2.188009665231e-02 7.530571031020e-03 1.148205848436e+06 1.151878317779e+06 -1.388178704845e+07 1.247725805980e+11 7.504028070151e-05
-2.003352012462e-02 9.306313038720e-03 1.146058457950e+06 1.149499375060e+06 -1.289775243424e+07 1.492434108437e+11 9.109377223750e-05
-1.843007482966e-02 1.122192337027e-02 1.143621466582e+06 1.146877381153e+06 -1.203993840172e+07 1.747129525082e+11 1.079516024020e-04
-1.702907434322e-02 1.325343993806e-02 1.140940015089e+06 1.144045434383e+06 -1.128759547361e+07 2.008346554277e+11 1.254237270230e-04
-1.579345751331e-02 1.538571472958e-02 1.138045778343e+06 1.141027058677e+06 -1.062171086471e+07 2.274009740155e+11 1.434033234965e-04
-1.469189381056e-02 1.761185052342e-02 1.134956737180e+06 1.137833038331e+06 -1.002613112449e+07 2.543166133894e+11 1.618449808986e-04
-1.369922472640e-02 1.993078230374e-02 1.131680254352e+06 1.134467360427e+06 -9.487763731685e+06 2.815557924716e+11 1.807389608246e-04
-1.279593411986e-02 2.234453802999e-02 1.128217416228e+06 1.130927614148e+06 -8.996330583938e+06 3.091230674667e+11 2.000899097722e-04
-1.196717290044e-02 2.485639862243e-02 1.124566541823e+06 1.127210019153e+06 -8.543950780078e+06 3.370300753947e+11 2.199036244515e-04
-1.120167945890e-02 2.747002723805e-02 1.120725017846e+06 1.123310629807e+06 -8.124642641148e+06 3.652858692731e+11 2.401816858960e-04
-1.049079566435e-02 3.018913422028e-02 1.116689863696e+06 1.119224039290e+06 -7.733813511284e+06 3.938938794814e+11 2.609216294838e-04
-9.827678903830e-03 3.301745504419e-02 1.112457684494e+06 1.114948239896e+06 -7.367825719346e+06 4.228522447470e+11 2.821197791886e-04
-9.206738508738e-03 3.595905094752e-02 1.108024359468e+06 1.110475195400e+06 -7.023694892503e+06 4.521572630900e+11 3.037744197786e-04
-8.623273335866e-03 3.901882777507e-02 1.103384543037e+06 1.105802983676e+06 -6.698909810744e+06 4.818084458542e+11 3.258879607271e-04
-8.073257970777e-03 4.220292216662e-02 1.098531137086e+06 1.100919186264e+06 -6.391320965244e+06 5.118113488533e+11 3.484676550186e-04
-7.553219740887e-03 4.551870550469e-02 1.093455041154e+06 1.095819608665e+06 -6.099059839547e+06 5.421760812513e+11 3.715250682501e-04
-7.060161795225e-03 4.897461481153e-02 1.088145326070e+06 1.090487864414e+06 -5.820488307166e+06 5.729143158618e+11 3.950748411443e-04
-6.591506290567e-03 5.258023286608e-02 1.082589558370e+06 1.084916406015e+06 -5.554182898580e+06 6.040390791842e+11 4.191333551370e-04
-6.145045498424e-03 5.634667868381e-02 1.076773908877e+06 1.079086068348e+06 -5.298933019206e+06 6.355672973515e+11 4.437177178813e-04
-5.718895399612e-03 6.028692755728e-02 1.070682966644e+06 1.072985868939e+06 -5.053721847378e+06 6.675209304992e+11 4.688451797733e-04
-5.311449795007e-03 6.441574050207e-02 1.064299483408e+06 1.066594260357e+06 -4.817681601793e+06 6.999239159616e+11 4.945328753862e-04
-4.921335815177e-03 6.874932533340e-02 1.057604238459e+06 1.059896424878e+06 -4.590042472414e+06 7.327966902753e+11 5.207977318955e-04
-4.547373743877e-03 7.330517017244e-02 1.050576040071e+06 1.052867881477e+06 -4.370100056416e+06 7.661526293737e+11 5.476564287095e-04
-4.188544478610e-03 7.810243845799e-02 1.043191707197e+06 1.045488988609e+06 -4.157211527017e+06 7.999994711098e+11 5.751253451755e-04
-3.843966346916e-03 8.316295029156e-02 1.035425844138e+06 1.037731227839e+06 -3.950809953505e+06 8.343449715214e+11 6.032204874718e-04
-3.512879601455e-03 8.851234536713e-02 1.027250313920e+06 1.029569460101e+06 -3.750413562412e+06 8.692023866339e+11 6.319574605320e-04
-3.194633805992e-03 9.418093266753e-02 1.018633503256e+06 1.020969075145e+06 -3.555613392897e+06 9.045913835670e+11 6.613516381218e-04
-2.888673050145e-03 1.002041292537e-01 1.009539556977e+06 1.011898165811e+06 -3.366044209252e+06 9.405340545656e+11 6.914183129617e-04
-2.594525306196e-03 1.066236048966e-01 9.999267780469e+05 1.002311829987e+06 -3.181340821694e+06 9.770539783657e+11 7.221786963113e-04
-2.311682929065e-03 1.134892184351e-01 9.897459707514e+05 9.921656739395e+05 -3.001121804188e+06 1.014178726106e+12 7.536584905446e-04
-2.039762577765e-03 1.208602412906e-01 9.789406514414e+05 9.813994630933e+05 -2.825029199126e+06 1.051936446522e+12 7.858788797567e-04
-1.778498668170e-03 1.288067602359e-01 9.674466143499e+05 9.699548120437e+05 -2.652737931666e+06 1.090350199975e+12 8.188578142187e-04
-1.527694198719e-03 1.374130169743e-01 9.551899367751e+05 9.577542421988e+05 -2.483930572100e+06 1.129439836885e+12 8.526125082395e-04
-1.287210509828e-03 1.467845822128e-01 9.420843892568e+05 9.447171229475e+05 -2.318329267994e+06 1.169242032460e+12 8.871603563091e-04
-1.056965631062e-03 1.570570071762e-01 9.280254946618e+05 9.307365414496e+05 -2.155698007493e+06 1.209819813262e+12 9.225198327581e-04
-8.369348158650e-04 1.683988903527e-01 9.128848341439e+05 9.156929596580e+05 -1.995698769668e+06 1.251217671079e+12 9.587100726266e-04
-6.271499738120e-04 1.810269116893e-01 8.965101669697e+05 8.994308303225e+05 -1.837950731767e+06 1.293489778216e+12 9.957501625805e-04
-4.277128984363e-04 1.952503547325e-01 8.787104383888e+05 8.817628002158e+05 -1.682341661881e+06 1.336834915637e+12 1.033662168215e-03
-2.388074718300e-04 2.114728555194e-01 8.592182360040e+05 8.624399913885e+05 -1.528392919739e+06 1.381338469770e+12 1.072473065950e-03
-6.065966468176e-05 2.301810212481e-01 8.376996412694e+05 8.411440546826e+05 -1.374499126577e+06 1.426713123159e+12 1.112208781930e-03
1.064487596763e-04 2.522326011493e-01 8.137718346820e+05 8.174472737356e+05 -1.220527982521e+06 1.473563457969e+12 1.152903726790e-03
2.620182498642e-04 2.791317136261e-01 7.867751713667e+05 7.907156485011e+05 -1.068992710831e+06 1.523254529909e+12 1.194625870378e-03
4.053910980141e-04 3.128435450516e-01 7.555070225031e+05 7.599660989015e+05 -9.144065750127e+05 1.574630094859e+12 1.237427049265e-03
5.356449847881e-04 3.567295536643e-01 7.186489343785e+05 7.237577880644e+05 -7.427955146469e+05 1.627249037403e+12 1.281315226008e-03
6.514496389581e-04 4.135272255492e-01 6.742064553286e+05 6.796615552604e+05 -5.801776969294e+05 1.668313756554e+12 1.326282458347e-03
7.531263478536e-04 5.027812298011e-01 6.150410290936e+05 6.226300409997e+05 -4.080009660559e+05 1.703915593541e+12 1.370435006676e-03
8.270828794701e-04 1.117098173964e+00 4.507659343698e+05 4.841298787421e+05 2.748416691881e+04 2.059187259412e+12 1.427219454273e-03
8.547905505533e-04 6.573553834662e+00 1.705631284258e+05 1.767919898092e+05 3.004938176552e+05 1.996824909491e+12 1.533651036926e-03
8.594646277085e-04 2.725182354526e+01 7.959767027484e+04 7.964380080970e+04 3.207192069009e+05 2.003993494511e+12 1.616965176884e-03
8.609049406469e-04 4.364458086845e+01 6.209592029004e+04 6.209223430991e+04 3.220421076061e+05 2.019558966361e+12 1.675559358086e-03
8.621496887189e-04 4.485665753430e+01 6.137015323592e+04 6.136510997132e+04 3.225673283160e+05 2.029169015837e+12 1.732022537251e-03
8.634224344714e-04 4.566622990496e+01 6.095245855475e+04 6.094518323786e+04 3.234173886815e+05 2.038230748950e+12 1.790280452169e-03
8.647011546506e-04 4.664501387562e+01 6.044185346610e+04 6.043923170449e+04 3.242284964180e+05 2.047993060433e+12 1.849357019742e-03
8.659554626630e-04 4.765112401618e+01 5.991189166395e+04 5.990999929611e+04 3.249605770954e+05 2.056739591478e+12 1.908531674821e-03
8.671848171581e-04 4.852650077448e+01 5.945557276802e+04 5.945732763223e+04 3.255464680875e+05 2.063790337100e+12 1.967880418311e-03
8.684014969965e-04 4.925467821821e+01 5.906495326752e+04 5.906439180643e+04 3.259258796902e+05 2.068464966255e+12 2.027553174180e-03
8.696078461181e-04 4.990357361624e+01 5.866447632868e+04 5.866538571669e+04 3.259740684567e+05 2.069231501890e+12 2.087347450276e-03
8.707978895497e-04 5.053787915398e+01 5.825648474796e+04 5.825506298068e+04 3.259732861251e+05 2.068602377019e+12 2.147000655540e-03
8.719685785534e-04 5.110596256436e+01 5.787980039750e+04 5.787861558847e+04 3.258741393032e+05 2.067018387486e+12 2.206560208718e-03
8.731287155508e-04 5.157230754086e+01 5.754276560854e+04 5.754023159155e+04 3.256599997080e+05 2.063853957859e+12 2.266261233623e-03
8.742838142972e-04 5.200767221882e+01 5.720548110100e+04 5.720397248748e+04 3.253386027062e+05 2.059367020512e+12 2.326125963898e-03
8.754308655114e-04 5.248598100203e+01 5.682778687882e+04 5.682612460637e+04 3.249284715723e+05 2.053761419124e+12 2.385950922830e-03
8.765634690847e-04 5.297553676411e+01 5.643674800838e+04 5.643644048759e+04 3.244665248440e+05 2.047479358357e+12 2.445574188516e-03
8.776818390486e-04 5.339623408836e+01 5.609377478184e+04 5.609377899890e+04 3.240311606995e+05 2.041447213730e+12 2.505144787850e-03
8.787947350288e-04 5.375351992154e+01 5.581641551217e+04 5.581606527972e+04 3.237632740500e+05 2.036969836038e+12 2.564904251271e-03
8.799053013821e-04 5.416772674032e+01 5.556393330990e+04 5.556333224621e+04 3.237156739618e+05 2.035641249895e+12 2.624794298147e-03
8.810060165605e-04 5.468660246330e+01 5.527650065460e+04 5.527465646107e+04 3.238192182448e+05 2.035438689960e+12 2.684571962233e-03
8.820914918344e-04 5.530989895468e+01 5.496432812761e+04 5.496236752143e+04 3.240165016819e+05 2.036833314767e+12 2.744188248539e-03
8.831617350641e-04 5.595122175525e+01 5.467970930644e+04 5.467750571901e+04 3.243668190426e+05 2.040110528713e+12 2.803748305641e-03
8.842204911747e-04 5.652999680474e+01 5.446144859581e+04 5.445987430227e+04 3.248412476555e+05 2.045116988842e+12 2.863401197450e-03
8.852722213610e-04 5.707255154732e+01 5.428844551190e+04 5.428846758340e+04 3.254093690897e+05 2.051515802743e+12 2.923198079786e-03
8.863159602124e-04 5.766750759156e+01 5.410837088752e+04 5.410773393748e+04 3.260392423601e+05 2.058920118478e+12 2.983011140371e-03
8.873466325184e-04 5.836609790554e+01 5.389062768792e+04 5.389169796415e+04 3.267051199979e+05 2.066973469474e+12 3.042742300574e-03
8.883627360753e-04 5.912925901441e+01 5.365163066791e+04 5.365191918147e+04 3.273911805991e+05 2.075383337303e+12 3.102381599694e-03
8.893638842180e-04 5.985957176551e+01 5.343577926018e+04 5.343913046968e+04 3.280874967845e+05 2.083924037910e+12 3.162002170502e-03
8.903547506872e-04 6.049110135144e+01 5.327042499096e+04 5.327468823382e+04 3.287805284356e+05 2.092416275460e+12 3.221720529109e-03
8.913383352454e-04 6.105541814790e+01 5.313585718924e+04 5.314428675934e+04 3.294495956698e+05 2.100674067605e+12 3.281556479137e-03
8.923148044168e-04 6.163974046156e+01 5.298687606474e+04 5.299759236294e+04 3.300738500906e+05 2.108458912357e+12 3.341451156535e-03
8.932817138823e-04 6.230663669311e+01 5.279051691965e+04 5.280296255564e+04 3.306335965426e+05 2.115458533508e+12 3.401253642550e-03
8.942344229098e-04 6.300803668227e+01 5.255888278230e+04 5.257297007264e+04 3.310613985957e+05 2.120947227942e+12 3.460880841479e-03
8.951743993894e-04 6.358508024432e+01 5.232686861179e+04 5.234142694704e+04 3.311680542915e+05 2.122563218615e+12 3.520443793185e-03
8.961079112022e-04 6.402532561872e+01 5.213809797777e+04 5.215316605458e+04 3.311472655109e+05 2.122884600396e+12 3.580128255380e-03
8.970388010654e-04 6.434992302792e+01 5.199169110370e+04 5.200724641443e+04 3.310884897056e+05 2.122565814289e+12 3.640021422721e-03
8.979693949313e-04 6.465464699356e+01 5.184099723580e+04 5.185706702973e+04 3.309356432242e+05 2.121332199608e+12 3.700054516098e-03
8.988958398451e-04 6.502712780876e+01 5.164340961987e+04 5.166004517369e+04 3.306797544395e+05 2.118852534692e+12 3.759993244096e-03
8.998128940990e-04 6.547251798643e+01 5.139937122222e+04 5.141654538070e+04 3.303331951496e+05 2.115235932880e+12 3.819668583573e-03
9.007187524598e-04 6.591999427974e+01 5.114338542695e+04 5.116100258184e+04 3.299171744038e+05 2.110733790562e+12 3.879182198332e-03
9.016185257714e-04 6.628729100538e+01 5.091751451033e+04 5.093512567035e+04 3.294742068705e+05 2.105877450754e+12 3.938764743901e-03
9.025164589180e-04 6.656593213926e+01 5.073872710236e+04 5.075602804029e+04 3.290837542534e+05 2.101626770384e+12 3.998538010672e-03
9.034144374292e-04 6.682373801561e+01 5.059887034182e+04 5.061585102376e+04 3.288259791500e+05 2.099332939695e+12 4.058483062204e-03
9.043105833808e-04 6.717087811882e+01 5.045531396681e+04 5.047216097180e+04 3.287564806476e+05 2.099144285551e+12 4.118452362171e-03
9.052000118223e-04 6.764002832715e+01 5.028221985319e+04 5.029914954784e+04 3.287554026949e+05 2.100167375206e+12 4.178263384549e-03
9.060790930593e-04 6.820233429642e+01 5.008800076350e+04 5.010482490568e+04 3.288434232745e+05 2.102116637347e+12 4.237863576663e-03
9.069477582222e-04 6.881909341840e+01 4.989602379863e+04 4.991136361063e+04 3.290405346386e+05 2.105478173735e+12 4.297345914426e-03
9.078077510468e-04 6.941537447928e+01 4.973373754803e+04 4.974571897121e+04 3.293452859198e+05 2.110129855044e+12 4.356874078812e-03
9.086628873224e-04 6.994022947066e+01 4.961695028072e+04 4.962510934989e+04 3.297469424865e+05 2.115869704403e+12 4.416582640811e-03
9.095151678640e-04 7.040690383649e+01 4.953533688753e+04 4.953906736373e+04 3.302277007677e+05 2.122407900257e+12 4.476462745372e-03
9.103638598492e-04 7.088792878112e+01 4.945676178714e+04 4.945572982978e+04 3.307663308393e+05 2.129456626482e+12 4.536435341422e-03
9.112072075971e-04 7.144810456922e+01 4.935384082816e+04 4.934921375811e+04 3.313406575339e+05 2.136786297783e+12 4.596367771513e-03
9.120415091151e-04 7.211536806987e+01 4.921474458866e+04 4.920787674467e+04 3.319303616071e+05 2.144232399637e+12 4.656127908703e-03
9.128645557821e-04 7.283744355749e+01 4.905814510705e+04 4.905007047792e+04 3.325203844595e+05 2.151683467128e+12 4.715712271054e-03
9.136776006483e-04 7.354678219291e+01 4.890767239801e+04 4.889906946699e+04 3.331010454500e+05 2.159053981163e+12 4.775227140270e-03
9.144829778923e-04 7.415842475018e+01 4.879182163161e+04 4.878273478637e+04 3.336646001628e+05 2.166251253275e+12 4.834858287611e-03
9.152858103033e-04 7.465930143867e+01 4.871231625180e+04 4.870299163895e+04 3.342018510904e+05 2.173150329052e+12 4.894716134793e-03
9.160864712555e-04 7.507841294350e+01 4.865493499106e+04 4.864569152681e+04 3.346950752193e+05 2.179523492663e+12 4.954722359571e-03
9.168843050617e-04 7.551183079755e+01 4.857981464513e+04 4.857130036080e+04 3.351156593131e+05 2.184931437397e+12 5.014765711480e-03
9.176767744246e-04 7.598405593488e+01 4.846946595363e+04 4.846399891285e+04 3.354218161934e+05 2.188699049230e+12 5.074722044398e-03
9.184624343726e-04 7.648125123488e+01 4.831479655891e+04 4.831397760436e+04 3.355172387063e+05 2.189783015177e+12 5.134511523765e-03
9.192402812554e-04 7.698555406547e+01 4.813831217839e+04 4.814345547102e+04 3.355278280708e+05 2.189338269719e+12 5.194137864364e-03
9.200114611043e-04 7.745045807281e+01 4.797035382817e+04 4.797774630229e+04 3.354852978759e+05 2.188430984041e+12 5.253724461309e-03
9.207789835027e-04 7.780826783780e+01 4.782516439103e+04 4.783853622257e+04 3.353731713284e+05 2.186492767063e+12 5.313389498708e-03
9.215451037121e-04 7.801957487928e+01 4.771557797400e+04 4.773167198469e+04 3.351865129126e+05 2.183569042402e+12 5.373223257027e-03
9.223127975080e-04 7.814766260892e+01 4.762180349320e+04 4.763803631575e+04 3.349314531121e+05 2.179779900316e+12 5.433240018395e-03
9.230810872429e-04 7.826946603909e+01 4.752261563672e+04 4.753864141585e+04 3.346266053108e+05 2.175432061718e+12 5.493316212047e-03
9.238479093899e-04 7.847919621664e+01 4.739255612537e+04 4.740851331906e+04 3.342983060053e+05 2.170904259718e+12 5.553288665887e-03
9.246094528921e-04 7.878042345401e+01 4.723873087512e+04 4.725470345698e+04 3.339916720766e+05 2.166768181170e+12 5.613110647976e-03
9.253666111045e-04 7.918419522138e+01 4.707635422497e+04 4.709234393848e+04 3.337914265393e+05 2.164358407234e+12 5.672831725970e-03
9.261178619333e-04 7.966601870356e+01 4.692032228640e+04 4.693632992158e+04 3.337541134003e+05 2.164153216433e+12 5.732441578789e-03
9.268631049368e-04 8.009767797831e+01 4.679181631733e+04 4.680772148883e+04 3.337575663009e+05 2.164714021083e+12 5.792041486416e-03
9.276060425930e-04 8.045644438385e+01 4.669760357167e+04 4.671195827167e+04 3.338265573078e+05 2.166053689941e+12 5.851770483825e-03
9.283478585291e-04 8.076278008929e+01 4.663769437997e+04 4.664648497375e+04 3.339850442882e+05 2.168685357529e+12 5.911687727977e-03
9.290898261895e-04 8.109893026124e+01 4.658538279331e+04 4.659074075107e+04 3.342310852146e+05 2.172541222373e+12 5.971730347942e-03
9.298285838549e-04 8.151478300031e+01 4.652359221814e+04 4.652649766775e+04 3.345525675495e+05 2.177489235648e+12 6.031757084763e-03
9.305626078031e-04 8.205885300706e+01 4.643555413850e+04 4.643327909877e+04 3.349326748882e+05 2.183355429406e+12 6.091663426657e-03
9.312886662152e-04 8.269431640011e+01 4.633077284190e+04 4.632372814642e+04 3.353533798164e+05 2.189958517156e+12 6.151435849452e-03
9.320082312848e-04 8.338681900799e+01 4.621780599719e+04 4.620915402491e+04 3.357983147829e+05 2.197122332244e+12 6.211139850294e-03
9.327206431524e-04 8.410071981126e+01 4.610529295018e+04 4.609638228339e+04 3.362539011944e+05 2.204674903802e+12 6.270742147440e-03
9.334256340676e-04 8.474684384861e+01 4.601729948365e+04 4.600837472924e+04 3.367103639690e+05 2.212460838629e+12 6.330346546738e-03
9.341272890307e-04 8.529895312468e+01 4.595914859070e+04 4.595029364775e+04 3.371619903485e+05 2.220354353217e+12 6.390060333855e-03
9.348257400461e-04 8.574394491501e+01 4.593249480470e+04 4.592376409981e+04 3.376048574408e+05 2.228243147205e+12 6.449952818158e-03
9.355242969328e-04 8.616639616422e+01 4.591107660612e+04 4.590244159069e+04 3.380352040507e+05 2.236012002651e+12 6.509989226504e-03
9.362192393920e-04 8.662503403624e+01 4.587671029922e+04 4.586809341576e+04 3.384487187656e+05 2.243553947560e+12 6.570026185279e-03
9.369104310785e-04 8.717685042121e+01 4.581208191251e+04 4.580342191476e+04 3.388396998104e+05 2.250756970514e+12 6.629986670916e-03
9.375948450797e-04 8.779196157186e+01 4.572285284056e+04 4.571412863839e+04 3.391933763390e+05 2.257355437766e+12 6.689826355773e-03
9.382736466574e-04 8.843595285289e+01 4.561311937646e+04 4.560435111458e+04 3.394773522254e+05 2.262872085326e+12 6.749580529451e-03
9.389461998568e-04 8.903508875419e+01 4.549676913725e+04 4.548817125202e+04 3.396515684439e+05 2.266767973828e+12 6.809244720561e-03
9.396138865997e-04 8.952416109963e+01 4.538162255720e+04 4.537542438556e+04 3.397026401984e+05 2.268256702070e+12 6.868882399454e-03
9.402785257487e-04 8.990261582993e+01 4.528428589338e+04 4.528511312642e+04 3.396586783651e+05 2.268693297697e+12 6.928567024007e-03
9.409416482895e-04 9.013844320843e+01 4.521356520273e+04 4.521772145280e+04 3.395762541594e+05 2.268131339384e+12 6.988346783605e-03
9.416049245076e-04 9.026606342823e+01 4.516029207573e+04 4.516309045873e+04 3.394331779616e+05 2.266613170072e+12 7.048278515545e-03
9.422695389643e-04 9.036752598539e+01 4.510104184821e+04 4.511066657997e+04 3.392299201201e+05 2.264043279810e+12 7.108342478668e-03
9.429342507775e-04 9.049702868117e+01 4.502217441659e+04 4.503573165347e+04 3.389702924704e+05 2.260494262602e+12 7.168399488890e-03
9.435968092868e-04 9.070376925193e+01 4.491433685943e+04 4.492854190735e+04 3.386718302343e+05 2.256260929432e+12 7.228344207745e-03
9.442560198583e-04 9.096686723395e+01 4.478955328534e+04 4.480376363331e+04 3.383672639024e+05 2.251841935796e+12 7.288164804791e-03
9.449120265492e-04 9.127669380551e+01 4.465729321163e+04 4.467143550051e+04 3.380944195227e+05 2.247775307946e+12 7.347902508996e-03
9.455649564930e-04 9.163385652449e+01 4.452716696366e+04 4.454121817291e+04 3.378953006178e+05 2.244831667417e+12 7.407561453645e-03
9.462141423154e-04 9.202492999326e+01 4.441918630315e+04 4.443308761034e+04 3.378566941132e+05 2.244332673947e+12 7.467232476019e-03
9.468618012149e-04 9.236202626619e+01 4.433183197617e+04 4.434556421426e+04 3.378840703344e+05 2.244321151237e+12 7.526930722315e-03
9.475068434115e-04 9.261636535833e+01 4.427668244223e+04 4.429019401462e+04 3.379582152914e+05 2.245159063906e+12 7.586713899012e-03
9.481527863765e-04 9.284393708726e+01 4.424166415438e+04 4.425493590165e+04 3.381149045884e+05 2.247056162592e+12 7.646626385386e-03
9.487974497398e-04 9.311060447147e+01 4.420956918783e+04 4.422265079075e+04 3.383432734823e+05 2.249991441654e+12 7.706635729995e-03
9.494417769259e-04 9.347323994087e+01 4.416495857974e+04 4.417795759511e+04 3.386346481401e+05 2.253881852705e+12 7.766675135989e-03
9.500820827755e-04 9.395627219489e+01 4.410059186334e+04 4.411364569413e+04 3.389782523276e+05 2.258618002999e+12 7.826591196641e-03
9.507171800311e-04 9.452886874809e+01 4.402300463293e+04 4.403612794079e+04 3.393617659791e+05 2.264062819961e+12 7.886399633144e-03
9.513474832251e-04 9.515773291145e+01 4.393911212696e+04 4.395225585556e+04 3.397730685857e+05 2.270071339593e+12 7.946155547454e-03
9.519731139942e-04 9.582207617359e+01 4.385252134420e+04 4.386567910297e+04 3.402009921503e+05 2.276497897607e+12 8.005841522448e-03
9.525932499080e-04 9.646724448868e+01 4.377511192145e+04 4.378825099107e+04 3.406361028406e+05 2.283210028816e+12 8.065473757451e-03
9.532094348888e-04 9.707358256293e+01 4.371026861092e+04 4.372332775066e+04 3.410712857015e+05 2.290108287153e+12 8.125138440721e-03
9.538225170618e-04 9.757547808336e+01 4.367269790105e+04 4.368535502322e+04 3.415011254976e+05 2.297124712327e+12 8.184910817876e-03
9.544345865013e-04 9.799090753431e+01 4.365682838035e+04 4.366641757174e+04 3.419216252917e+05 2.304192767604e+12 8.244763671826e-03
9.550441172174e-04 9.836021931546e+01 4.365172694673e+04 4.365485160538e+04 3.423304156056e+05 2.311226965853e+12 8.304681243754e-03
9.556529158695e-04 9.875278986262e+01 4.363965180247e+04 4.365305965100e+04 3.427259371278e+05 2.318131413275e+12 8.364704416737e-03
9.562597420735e-04 9.923163592544e+01 4.360456463716e+04 4.362002070971e+04 3.431036651137e+05 2.324801116615e+12 8.424731410739e-03
9.568627516934e-04 9.977855696820e+01 4.354965765089e+04 4.355358215887e+04 3.434556744784e+05 2.331112046254e+12 8.484642775712e-03
9.574606286526e-04 1.003884593403e+02 4.347505878870e+04 4.348257761953e+04 3.437759724853e+05 2.336941771577e+12 8.544462592043e-03
9.580545184905e-04 1.009995999404e+02 4.339307899954e+04 4.340473556857e+04 3.440530400177e+05 2.342087937368e+12 8.604243150575e-03
9.586444067778e-04 1.015767953993e+02 4.330489939177e+04 4.331728234618e+04 3.442498268170e+05 2.345946364966e+12 8.663989783473e-03
9.592309019876e-04 1.020566344205e+02 4.320933358189e+04 4.322168536989e+04 3.443039882664e+05 2.347162324852e+12 8.723653226068e-03
9.598136290030e-04 1.024454367324e+02 4.312351552216e+04 4.313570163360e+04 3.442825932946e+05 2.347371637716e+12 8.783310251981e-03
9.603955614945e-04 1.027250575036e+02 4.305536118727e+04 4.306730932546e+04 3.442337638860e+05 2.346933720888e+12 8.843096712600e-03
9.609776382929e-04 1.028674681977e+02 4.300800924104e+04 4.301979995789e+04 3.441246991988e+05 2.345598182480e+12 8.902928237887e-03
9.615588354884e-04 1.029045602448e+02 4.297282082524e+04 4.298415734697e+04 3.439521360878e+05 2.343254729869e+12 8.962800628260e-03
9.621412872163e-04 1.029303188249e+02 4.293006925944e+04 4.294133695875e+04 3.437215771014e+05 2.340029562799e+12 9.022780544566e-03
9.627242825013e-04 1.029808469677e+02 4.287429013922e+04 4.288536368508e+04 3.434465999811e+05 2.336152617582e+12 9.082816969967e-03
9.633072598640e-04 1.031165789757e+02 4.279602687697e+04 4.280674247574e+04 3.431500301689e+05 2.331973320158e+12 9.142813407277e-03
9.638879447932e-04 1.033359812267e+02 4.270314137098e+04 4.271393222491e+04 3.428698160603e+05 2.328132078911e+12 9.202692980082e-03
9.644661896404e-04 1.036530076638e+02 4.260225906718e+04 4.261280021476e+04 3.426598242674e+05 2.325456369651e+12 9.262491433499e-03
9.650417647308e-04 1.040311942049e+02 4.250696254651e+04 4.251744165493e+04 3.425683780180e+05 2.324407916805e+12 9.322267843909e-03
9.656153912979e-04 1.044789250711e+02 4.241461972150e+04 4.242500938179e+04 3.425490350324e+05 2.324904673360e+12 9.381998853048e-03
9.661851725348e-04 1.049098221604e+02 4.233168280738e+04 4.234193064965e+04 3.425833035978e+05 2.325853151452e+12 9.441641455526e-03
9.667524173885e-04 1.053297301188e+02 4.226307047248e+04 4.227312105249e+04 3.426714133091e+05 2.327807467245e+12 9.501311181956e-03
9.673181807816e-04 1.056811933005e+02 4.222144006485e+04 4.223122376920e+04 3.428151134809e+05 2.330807701056e+12 9.561146509548e-03
9.678847915740e-04 1.059924011531e+02 4.220053124339e+04 4.221017348663e+04 3.430074904630e+05 2.334858067001e+12 9.621005534327e-03
9.684476773139e-04 1.062823510746e+02 4.219509375190e+04 4.220465324103e+04 3.432394288069e+05 2.339867522183e+12 9.680828606335e-03
9.690105301638e-04 1.066197028947e+02 4.218877674406e+04 4.219807001984e+04 3.435023840538e+05 2.345691335912e+12 9.740782983750e-03
9.695723170529e-04 1.070643592908e+02 4.216694527460e+04 4.217600031411e+04 3.437894032739e+05 2.352153205598e+12 9.800781078817e-03
9.701313157448e-04 1.075938137233e+02 4.213239927437e+04 4.214147572860e+04 3.440947783668e+05 2.359057536602e+12 9.860728431377e-03
9.706866441779e-04 1.082178318288e+02 4.208134159951e+04 4.209063803489e+04 3.444141825419e+05 2.366224048940e+12 9.920580258243e-03
9.712374518752e-04 1.088739497504e+02 4.202552591041e+04 4.203477623860e+04 3.447438828819e+05 2.373510846710e+12 9.980385158273e-03
9.717852522502e-04 1.095614369099e+02 4.196412304506e+04 4.197326352792e+04 3.450803274673e+05 2.380818176794e+12 1.004017843822e-02
9.723289541708e-04 1.102484949246e+02 4.190296540685e+04 4.191202905697e+04 3.454194680730e+05 2.388073322516e+12 1.009990269533e-02
9.728687002765e-04 1.109187183207e+02 4.184481343398e+04 4.185379767660e+04 3.457574480289e+05 2.395225078014e+12 1.015957527067e-02
9.734049236058e-04 1.115263387478e+02 4.179844965460e+04 4.180728149220e+04 3.460911445038e+05 2.402240191059e+12 1.021926261762e-02
9.739390724885e-04 1.120484466399e+02 4.176791283347e+04 4.177651416364e+04 3.464181315277e+05 2.409089910418e+12 1.027908740143e-02
9.744727614134e-04 1.124517692171e+02 4.175909934163e+04 4.176749625091e+04 3.467357542128e+05 2.415729800966e+12 1.033896850329e-02
9.750040819993e-04 1.127899838842e+02 4.176042954534e+04 4.176865983282e+04 3.470411951400e+05 2.422100387850e+12 1.039901611289e-02
9.755375298889e-04 1.131050634090e+02 4.176221566605e+04 4.177051585360e+04 3.473292063184e+05 2.428084294360e+12 1.045890480937e-02
9.760630743145e-04 1.134476670650e+02 4.175237741396e+04 4.176070716583e+04 3.475896605070e+05 2.433490600798e+12 1.051867456369e-02
9.765912272609e-04 1.138702642662e+02 4.171843055423e+04 4.172653928998e+04 3.478093066646e+05 2.438109292048e+12 1.057866341074e-02
9.771167092987e-04 1.143215551350e+02 4.166812942913e+04 4.167608621017e+04 3.479797521593e+05 2.441699090939e+12 1.063857661737e-02
9.776393796686e-04 1.147855192803e+02 4.159822232556e+04 4.160605564451e+04 3.480705916538e+05 2.443644873237e+12 1.069840417265e-02
9.781591326924e-04 1.152007106887e+02 4.152020932978e+04 4.152780976022e+04 3.480649688970e+05 2.443893291343e+12 1.075819004303e-02
9.786773224039e-04 1.156160604943e+02 4.143491782248e+04 4.144219539162e+04 3.480431467060e+05 2.443416727503e+12 1.081798494616e-02
9.791935028806e-04 1.159872567481e+02 4.134923124582e+04 4.135613551974e+04 3.479750458089e+05 2.442059772521e+12 1.087774839594e-02
9.797078399187e-04 1.163059248262e+02 4.126399890292e+04 4.127035338742e+04 3.478630416349e+05 2.439760696708e+12 1.093757863702e-02
9.802223454123e-04 1.165258652161e+02 4.118973477008e+04 4.119494140023e+04 3.477154162255e+05 2.436694875483e+12 1.099744995283e-02
9.807354455186e-04 1.166448681235e+02 4.112833715377e+04 4.113197860839e+04 3.475402852369e+05 2.433020885678e+12 1.105964099128e-02
9.812886767383e-04 1.166447087049e+02 4.108689883490e+04 4.109203720021e+04 3.473547847930e+05 2.429097042824e+12 1.111980763434e-02
9.817670678481e-04 1.165806323206e+02 4.105983334458e+04 4.106724626452e+04 3.471829667043e+05 2.425390931124e+12 1.117746893368e-02
9.822778856351e-04 1.165410567390e+02 4.103503215907e+04 4.104167533666e+04 3.470455004669e+05 2.422339948619e+12 1.123710237796e-02
9.827904573032e-04 1.165930282743e+02 4.100846936583e+04 4.101415844724e+04 3.469836538729e+05 2.420759608171e+12 1.129679607822e-02
9.833018525247e-04 1.167873553764e+02 4.096791814756e+04 4.097308052644e+04 3.469948361011e+05 2.420394675614e+12 1.135657728799e-02
9.838142189868e-04 1.170858271551e+02 4.091495767868e+04 4.091972261268e+04 3.470321242805e+05 2.420698162292e+12 1.141648332289e-02
9.843251366635e-04 1.174817484459e+02 4.085286667486e+04 4.085737163321e+04 3.471152211630e+05 2.421843926007e+12 1.147632105479e-02
9.848328918051e-04 1.179538786114e+02 4.078790209365e+04 4.079217167767e+04 3.472499328944e+05 2.424031457626e+12 1.153609641933e-02
9.853386745860e-04 1.184897544571e+02 4.072175367668e+04 4.072572980200e+04 3.474313547760e+05 2.427187862494e+12 1.159587282164e-02
9.858418634683e-04 1.190504586974e+02 4.066024210350e+04 4.066390972108e+04 3.476515963319e+05 2.431174921779e+12 1.165565280108e-02
9.863429542852e-04 1.196390792836e+02 4.060116224635e+04 4.060458044898e+04 3.479021724016e+05 2.435835338437e+12 1.171536771260e-02
9.868401144058e-04 1.201980918179e+02 4.055355788926e+04 4.055668858235e+04 3.481749221526e+05 2.441033842352e+12 1.177505134793e-02
9.873360421859e-04 1.207157931077e+02 4.051846155531e+04 4.052114528720e+04 3.484625704988e+05 2.446681188310e+12 1.183486654982e-02
9.878311231272e-04 1.211594019459e+02 4.050089578119e+04 4.050293901171e+04 3.487587196027e+05 2.452709302273e+12 1.189489035894e-02
9.883268659792e-04 1.215282215662e+02 4.050023393068e+04 4.050146064140e+04 3.490611459589e+05 2.459064619674e+12 1.195535767232e-02
9.888262387078e-04 1.218674417020e+02 4.050597416062e+04 4.050698153575e+04 3.493659581943e+05 2.465525480855e+12 1.201651925166e-02
9.893306054274e-04 1.222169066024e+02 4.051267998127e+04 4.051527165628e+04 3.497030290647e+05 2.472259261636e+12 1.207587323292e-02
9.897975279166e-04 1.226094903786e+02 4.050984437324e+04 4.051345597161e+04 3.499675648575e+05 2.478809675859e+12 1.213440737793e-02
9.902854115331e-04 1.230987459467e+02 4.048662493548e+04 4.048936007460e+04 3.502671861363e+05 2.485033156789e+12 1.219423706346e-02
9.907695879495e-04 1.236482476674e+02 4.045435010911e+04 4.045630973433e+04 3.505648411846e+05 2.491389126602e+12 1.225404083211e-02
9.912527324581e-04 1.242632507959e+02 4.041018063182e+04 4.041172809442e+04 3.508562058426e+05 2.497672810007e+12 1.231385791049e-02
9.917323356324e-04 1.248858902852e+02 4.036416109030e+04 4.036538503172e+04 3.511356575442e+05 2.503862864161e+12 1.237364723548e-02
9.922102357413e-04 1.255344520053e+02 4.031233291809e+04 4.031322404505e+04 3.514012004786e+05 2.509876544119e+12 1.243344035156e-02
9.926849524658e-04 1.261581659890e+02 4.026249953801e+04 4.026305215148e+04 3.516522158915e+05 2.515613612223e+12 1.249320171447e-02
9.931576395410e-04 1.267751408883e+02 4.021051493134e+04 4.021068458856e+04 3.518891158247e+05 2.520973561592e+12 1.255294978321e-02
9.936275358197e-04 1.273194892323e+02 4.016632356298e+04 4.016587841833e+04 3.521083274919e+05 2.525832129492e+12 1.261277548455e-02
9.940974124178e-04 1.277941788476e+02 4.012783442266e+04 4.012607986562e+04 3.522958071534e+05 2.530044886369e+12 1.267283615591e-02
9.945674952436e-04 1.281326650238e+02 4.010459846103e+04 4.010050395071e+04 3.524345024103e+05 2.533457963963e+12 1.273459314011e-02
9.950613662104e-04 1.283188946992e+02 4.009008246545e+04 4.008463696100e+04 3.524837282083e+05 2.535155435987e+12 1.279751553664e-02
9.955482143601e-04 1.284235288477e+02 4.007935175807e+04 4.007601117025e+04 3.524659789896e+05 2.535846757292e+12 1.285917717355e-02
9.960216518756e-04 1.284927997773e+02 4.006811062567e+04 4.006990036884e+04 3.524065756486e+05 2.535884633242e+12 1.291668987739e-02
9.964434038795e-04 1.285691256637e+02 4.004959641179e+04 4.005374845892e+04 3.523296476873e+05 2.535304528707e+12 1.297303991092e-02
9.968982236535e-04 1.287159628013e+02 4.001162832671e+04 4.001331522167e+04 3.522184100033e+05 2.533946152883e+12 1.303210353532e-02
9.973611396928e-04 1.289065591927e+02 3.995929302448e+04 3.995848282614e+04 3.520752314925e+05 2.531864943156e+12 1.309182804652e-02
9.978248562713e-04 1.291528787734e+02 3.989284544092e+04 3.989086140374e+04 3.519087133931e+05 2.529281044219e+12 1.315165132692e-02
9.982875345353e-04 1.294070547986e+02 3.982358392077e+04 3.982102589386e+04 3.517321100449e+05 2.526526946364e+12 1.321146826898e-02
9.987493335674e-04 1.297047738587e+02 3.975028972809e+04 3.974730133099e+04 3.515612361014e+05 2.524074398653e+12 1.327126984795e-02
9.992096529307e-04 1.300263051738e+02 3.968116961574e+04 3.967775918576e+04 3.514146089564e+05 2.522420818883e+12 1.333105567195e-02
9.996689293972e-04 1.304092547467e+02 3.961341758009e+04 3.960957916774e+04 3.513311826277e+05 2.521903605182e+12 1.339083885971e-02
1.000126507917e-03 1.307970919548e+02 3.955363884260e+04 3.954930640280e+04 3.512860787135e+05 2.522250483615e+12 1.345058565990e-02
1.000582509344e-03 1.312043952260e+02 3.949999011267e+04 3.949478708727e+04 3.512854666920e+05 2.523517594733e+12 1.351053446651e-02
1.001040331063e-03 1.315549786273e+02 3.946211033156e+04 3.945498656715e+04 3.513291270316e+05 2.525435647426e+12 1.357068794278e-02
1.001497008771e-03 1.318517231807e+02 3.943898773123e+04 3.942924888518e+04 3.514060063587e+05 2.527962107262e+12 1.363484172565e-02
1.002013451192e-03 1.321622311275e+02 3.943303575931e+04 3.942493423517e+04 3.516498539941e+05 2.532469474484e+12 1.369539061773e-02
1.002413290096e-03 1.323826139748e+02 3.944434056159e+04 3.943840782838e+04 3.517629743048e+05 2.537264170432e+12 1.375479029316e-02
1.002910845096e-03 1.326575910179e+02 3.945218673162e+04 3.944787602231e+04 3.520369005942e+05 2.542604947094e+12 1.381526485375e-02
1.003325029260e-03 1.330106301528e+02 3.945711849998e+04 3.945608872311e+04 3.521335763001e+05 2.548932857486e+12 1.387133254382e-02
1.003753900873e-03 1.333853207732e+02 3.944918997745e+04 3.944724387273e+04 3.523275722690e+05 2.554285303031e+12 1.392969437469e-02
1.004200115522e-03 1.338928278689e+02 3.942553383042e+04 3.942098595797e+04 3.525571411753e+05 2.560182768173e+12 1.398934514591e-02
1.004644923524e-03 1.344505066358e+02 3.939628820082e+04 3.939024457508e+04 3.528009589469e+05 2.566301858151e+12 1.404912479507e-02
1.005089359462e-03 1.350687379649e+02 3.935819482965e+04 3.935143322820e+04 3.530563186356e+05 2.572462106264e+12 1.410896102355e-02
1.005530935038e-03 1.357078184645e+02 3.931766928127e+04 3.931043608261e+04 3.533185886178e+05 2.578672329015e+12 1.416876034016e-02
1.005970654546e-03 1.363798102785e+02 3.927275138284e+04 3.926506399458e+04 3.535844099619e+05 2.584917839244e+12 1.422855263837e-02
1.006407784743e-03 1.370418318451e+02 3.922994382477e+04 3.922178922896e+04 3.538519299166e+05 2.591179860358e+12 1.428835401120e-02
1.006843400802e-03 1.377072726408e+02 3.918664353471e+04 3.917804764976e+04 3.541207288892e+05 2.597403182471e+12 1.434812395161e-02
1.007275857129e-03 1.383351574159e+02 3.914834605047e+04 3.913926254965e+04 3.543903407382e+05 2.603508661145e+12 1.440784852242e-02
1.007706877187e-03 1.389203120306e+02 3.911466325497e+04 3.910475506699e+04 3.546601301566e+05 2.609380702169e+12 1.446774739674e-02
1.008138205816e-03 1.394190282692e+02 3.909208617992e+04 3.908046709920e+04 3.549363944600e+05 2.615017913830e+12 1.452780850327e-02
1.008568468424e-03 1.397936813904e+02 3.908247676613e+04 3.906871430681e+04 3.552056912002e+05 2.620029368790e+12 1.459109031312e-02
1.009043565904e-03 1.401689032983e+02 3.908344593881e+04 3.907118822136e+04 3.555720467133e+05 2.626180338390e+12 1.465102427402e-02
1.009423636146e-03 1.404146575347e+02 3.909784214518e+04 3.908709166362e+04 3.556719670528e+05 2.631689895273e+12 1.471076057511e-02
1.009894421536e-03 1.406740427006e+02 3.910802242322e+04 3.909865616930e+04 3.559894313464e+05 2.636968425678e+12 1.477106980455e-02
1.010281068382e-03 1.409425233565e+02 3.910528148830e+04 3.909851339398e+04 3.560758116899e+05 2.640999815501e+12 1.482766221576e-02
1.010697478128e-03 1.412229585153e+02 3.908895096113e+04 3.908092831989e+04 3.562137355570e+05 2.643750916021e+12 1.488684070130e-02
1.011119154287e-03 1.415677475137e+02 3.906052493503e+04 3.905037781497e+04 3.563299729866e+05 2.646219014544e+12 1.494657478342e-02
1.011541372068e-03 1.419527528280e+02 3.902024661750e+04 3.900892448770e+04 3.564268569597e+05 2.648032117328e+12 1.500642018132e-02
1.011962327761e-03 1.423192430315e+02 3.897360082158e+04 3.896164029877e+04 3.564674061064e+05 2.648836291012e+12 1.506627333527e-02
1.012382483258e-03 1.426937646773e+02 3.891746876647e+04 3.890500924102e+04 3.564654419801e+05 2.648714698056e+12 1.512610960522e-02
1.012800994680e-03 1.430543337350e+02 3.885860013076e+04 3.884565381448e+04 3.564461105801e+05 2.648048080548e+12 1.518592084228e-02
1.013218686336e-03 1.433920318274e+02 3.879412805465e+04 3.878067818283e+04 3.563842848503e+05 2.646382744292e+12 1.524571649177e-02
1.013635011030e-03 1.436664860159e+02 3.873047262207e+04 3.871651234001e+04 3.562855647877e+05 2.643782516842e+12 1.530549713350e-02
1.014050900492e-03 1.439074003079e+02 3.866623678441e+04 3.865168983575e+04 3.561603203995e+05 2.640572449191e+12 1.536529183532e-02
1.014466027387e-03 1.440728052896e+02 3.861078080562e+04 3.859532443664e+04 3.560189606236e+05 2.637119520968e+12 1.542517297552e-02
1.014882162715e-03 1.441982795068e+02 3.856314257074e+04 3.854606340836e+04 3.558760879212e+05 2.633886670802e+12 1.548569691247e-02
1.015305481744e-03 1.442614822367e+02 3.853081247110e+04 3.851240015704e+04 3.557552897819e+05 2.631345953914e+12 1.554787968935e-02
1.015744246979e-03 1.443325015967e+02 3.851374369052e+04 3.849675122741e+04 3.557198003488e+05 2.630594361346e+12 1.560811763391e-02
1.016140192483e-03 1.443820422721e+02 3.850646145484e+04 3.849101167959e+04 3.557336573666e+05 2.630574833737e+12 1.566653553447e-02
1.016553459810e-03 1.444550759666e+02 3.850741040751e+04 3.849125431083e+04 3.557722973428e+05 2.631822914533e+12 1.572783294353e-02
1.016988863375e-03 1.445966330478e+02 3.850327818381e+04 3.848862998674e+04 3.558060995399e+05 2.633588484473e+12 1.578683238530e-02
1.017369515350e-03 1.448283831652e+02 3.848893822671e+04 3.847571678099e+04 3.559030002957e+05 2.635646759317e+12 1.584432324983e-02
1.017782780468e-03 1.451620301628e+02 3.846887933612e+04 3.845402039704e+04 3.560248651580e+05 2.638665946899e+12 1.590409776270e-02
1.018193071108e-03 1.455865734471e+02 3.844124112620e+04 3.842480701760e+04 3.561745185127e+05 2.642261085848e+12 1.596385925728e-02
1.018603755826e-03 1.460803729237e+02 3.840767013686e+04 3.839039581400e+04 3.563454516815e+05 2.646264776834e+12 1.602372183845e-02
1.019012655286e-03 1.466266260678e+02 3.837094618668e+04 3.835311004576e+04 3.565372341794e+05 2.650712373365e+12 1.608354574422e-02
1.019419759131e-03 1.472269713388e+02 3.833159666173e+04 3.831323421384e+04 3.567492077981e+05 2.655680035752e+12 1.614335490022e-02
1.019825130819e-03 1.478588884100e+02 3.829279291422e+04 3.827388454099e+04 3.569770746516e+05 2.661163834540e+12 1.620314907991e-02
1.020228559743e-03 1.485160329281e+02 3.825409446160e+04 3.823461623278e+04 3.572133312703e+05 2.667014040349e+12 1.626292639537e-02
1.020630125597e-03 1.491647977312e+02 3.821824591016e+04 3.819817594827e+04 3.574509115099e+05 2.673017513771e+12 1.632269506058e-02
1.021029937362e-03 1.498068943157e+02 3.818325911784e+04 3.816248323455e+04 3.576856500029e+05 2.678981336646e+12 1.638249443821e-02
1.021428478408e-03 1.503838127643e+02 3.815684717489e+04 3.813492363214e+04 3.579219678063e+05 2.684877398183e+12 1.644234809094e-02
1.021825949268e-03 1.508909361508e+02 3.813606679065e+04 3.811241028821e+04 3.581556709997e+05 2.690316026872e+12 1.650342997274e-02
1.022238094722e-03 1.513172542843e+02 3.812949157105e+04 3.810556195778e+04 3.584767321715e+05 2.696107719253e+12 1.656496871862e-02
1.022639323079e-03 1.517201985175e+02 3.813720404066e+04 3.811553600345e+04 3.587383648376e+05 2.703155532462e+12 1.662390788316e-02
1.023015040246e-03 1.520211745389e+02 3.814919696333e+04 3.812835238243e+04 3.588445730745e+05 2.709129097138e+12 1.668206456927e-02
1.023404436048e-03 1.522195201510e+02 3.816214903361e+04 3.813939220998e+04 3.590625204919e+05 2.713642078824e+12 1.674348382346e-02
1.023822022874e-03 1.525634254465e+02 3.817666229185e+04 3.815438071247e+04 3.594124255790e+05 2.720568396815e+12 1.680334703357e-02
1.024189200941e-03 1.529424157720e+02 3.817774071830e+04 3.815692284327e+04 3.595060928707e+05 2.726502749481e+12 1.686134377928e-02
1.024580435711e-03 1.533437851095e+02 3.816707618297e+04 3.814527735873e+04 3.597162956406e+05 2.731433860519e+12 1.692115608930e-02
1.024969308331e-03 1.538369892241e+02 3.814932022748e+04 3.812620900737e+04 3.599105847229e+05 2.736948954625e+12 1.698097405353e-02
1.025358115572e-03 1.543867450596e+02 3.812226958422e+04 3.809834807170e+04 3.600999478096e+05 2.742244376877e+12 1.704084984588e-02
1.025744968085e-03 1.549524859627e+02 3.809149545066e+04 3.806697419800e+04 3.602766655118e+05 2.747331948188e+12 1.710069759190e-02
1.026130581346e-03 1.555515271705e+02 3.805326480928e+04 3.802815277030e+04 3.604378886586e+05 2.752038501968e+12 1.716051845329e-02
1.026514113364e-03 1.561259846706e+02 3.801403262465e+04 3.798829944788e+04 3.605754669663e+05 2.756224068045e+12 1.722032899101e-02
1.026896764347e-03 1.567005391487e+02 3.796960883333e+04 3.794322195403e+04 3.606815542259e+05 2.759776847220e+12 1.728013858565e-02
1.027277475060e-03 1.572237772240e+02 3.792633708666e+04 3.789932101783e+04 3.607546681761e+05 2.762655061451e+12 1.733991616456e-02
1.027657178325e-03 1.577282230564e+02 3.787950348321e+04 3.785184606395e+04 3.607883934369e+05 2.764804868490e+12 1.739968062467e-02
1.028035290738e-03 1.581404339106e+02 3.783754775055e+04 3.780929034967e+04 3.607908668429e+05 2.766108656135e+12 1.745947397081e-02
1.028413383992e-03 1.584894925526e+02 3.779887582761e+04 3.777039433196e+04 3.607752070871e+05 2.766828053189e+12 1.751928810003e-02
1.028790093195e-03 1.587306033383e+02 3.776777962860e+04 3.773926307086e+04 3.607278763922e+05 2.766801784036e+12 1.757954359026e-02
1.029172601042e-03 1.588583202868e+02 3.774718953345e+04 3.771875966564e+04 3.606512848695e+05 2.766301509746e+12 1.764066835071e-02
1.029559643828e-03 1.588973754078e+02 3.773218873270e+04 3.770352560390e+04 3.605242764838e+05 2.765127283415e+12 1.769998216702e-02
1.029919168645e-03 1.588024589526e+02 3.772749535690e+04 3.769894434081e+04 3.603583004739e+05 2.763156725329e+12 1.775852443714e-02
1.030296940599e-03 1.586655756194e+02 3.772607388079e+04 3.769772298602e+04 3.602185192155e+05 2.760941835407e+12 1.781971978096e-02
1.030690543829e-03 1.586196195901e+02 3.771764255249e+04 3.768915175342e+04 3.601282069741e+05 2.759267147282e+12 1.787991721188e-02
1.031055956805e-03 1.586691889146e+02 3.770319492886e+04 3.767446785441e+04 3.600360890749e+05 2.758317348717e+12 1.793863625598e-02
1.031430688081e-03 1.588123129072e+02 3.768291300029e+04 3.765429882393e+04 3.599881620100e+05 2.758081423250e+12 1.799832632823e-02
1.031807662654e-03 1.590943880712e+02 3.765321311313e+04 3.762454487193e+04 3.599669648115e+05 2.758811297948e+12 1.805815712709e-02
1.032182830248e-03 1.594329553941e+02 3.762146742835e+04 3.759268984449e+04 3.599815838331e+05 2.760132183957e+12 1.811801644945e-02
1.032558565404e-03 1.598515382680e+02 3.758528278709e+04 3.755638454485e+04 3.600185009060e+05 2.762107191443e+12 1.817788549786e-02
1.032931888393e-03 1.603300594637e+02 3.754719111140e+04 3.751815198214e+04 3.600792432320e+05 2.764727505631e+12 1.823770788744e-02
1.033304805876e-03 1.608647179603e+02 3.750791918425e+04 3.747873313317e+04 3.601656155482e+05 2.768015974667e+12 1.829752940858e-02
1.033675637823e-03 1.614386295943e+02 3.746914452035e+04 3.743979675171e+04 3.602785587555e+05 2.771915645346e+12 1.835732449102e-02
1.034045583750e-03 1.620400685275e+02 3.743142343892e+04 3.740191152454e+04 3.604162151758e+05 2.776316512007e+12 1.841711786133e-02
1.034413645044e-03 1.626622962185e+02 3.739455988142e+04 3.736487476017e+04 3.605752440345e+05 2.781094605798e+12 1.847688326559e-02
1.034780424037e-03 1.632702453289e+02 3.736194715162e+04 3.733209243795e+04 3.607525961429e+05 2.786139194814e+12 1.853663161464e-02
1.035145540178e-03 1.638678259890e+02 3.733192682192e+04 3.730189687896e+04 3.609424721460e+05 2.791314505925e+12 1.859637397446e-02
1.035509577054e-03 1.643886691471e+02 3.731354070781e+04 3.728336889644e+04 3.611466287863e+05 2.796737481571e+12 1.865619264146e-02
1.035873311348e-03 1.648259537948e+02 3.730102131486e+04 3.727084202127e+04 3.613360091538e+05 2.801629610797e+12 1.871674369213e-02
1.036244304192e-03 1.652749859695e+02 3.730278402863e+04 3.727237926662e+04 3.616558697992e+05 2.808404577731e+12 1.877647998179e-02
1.036596182862e-03 1.655821987212e+02 3.731440077898e+04 3.728381247058e+04 3.617389692136e+05 2.814295120949e+12 1.883550645232e-02
1.036957260911e-03 1.658143708283e+02 3.732773196918e+04 3.729720612695e+04 3.619505676023e+05 2.819299256303e+12 1.889532120439e-02
1.037317649304e-03 1.660518957388e+02 3.734113406028e+04 3.731063034561e+04 3.621488847248e+05 2.824393831489e+12 1.895567421193e-02
1.037684178327e-03 1.663531888999e+02 3.735481303231e+04 3.732419963466e+04 3.624705941241e+05 2.830458733349e+12 1.901581546053e-02
1.038040704257e-03 1.667580778479e+02 3.736056516871e+04 3.732968316897e+04 3.626191953746e+05 2.837081194580e+12 1.907531331464e-02
1.038397761200e-03 1.671725973319e+02 3.735129909309e+04 3.731966627373e+04 3.627818466543e+05 2.842016949219e+12 1.913507446426e-02
1.038755667721e-03 1.676196243044e+02 3.733603434879e+04 3.730686451108e+04 3.630039867485e+05 2.846689044711e+12 1.919498910477e-02
1.039112649337e-03 1.681646117611e+02 3.731283685066e+04 3.730248602159e+04 3.632128648575e+05 2.851809703806e+12 1.925484442925e-02
1.039467533598e-03 1.687496884304e+02 3.728918767518e+04 3.732193589911e+04 3.633939100092e+05 2.857440439134e+12 1.931468788160e-02
1.039821906379e-03 1.693730346417e+02 3.725995769264e+04 3.728887595791e+04 3.635741703734e+05 2.862921177447e+12 1.937452348870e-02
1.040174087711e-03 1.699503786734e+02 3.722668601903e+04 3.725217696882e+04 3.637962325136e+05 2.867210560756e+12 1.943432961684e-02
1.040525713320e-03 1.705151979302e+02 3.718957720917e+04 3.721479914671e+04 3.640352211909e+05 2.870818883085e+12 1.949413095035e-02
1.040875507106e-03 1.711425884859e+02 3.715592131937e+04 3.718151823567e+04 3.642005061906e+05 2.875731708766e+12 1.955392376454e-02
1.041224461829e-03 1.718478086530e+02 3.712704964629e+04 3.715291609459e+04 3.642776334309e+05 2.882332566999e+12 1.961372217271e-02
1.041571453230e-03 1.724687028243e+02 3.709379749832e+04 3.712132389667e+04 3.644099021766e+05 2.887144217929e+12 1.967346952940e-02
1.041917310510e-03 1.728434167991e+02 3.705620779122e+04 3.708411479795e+04 3.646577771961e+05 2.887849456687e+12 1.973321105222e-02
1.042262732354e-03 1.731464643502e+02 3.702010537181e+04 3.699441179016e+04 3.648902720815e+05 2.887696249075e+12 1.979288549616e-02
1.042606604908e-03 1.735209122925e+02 3.700439669511e+04 3.697033357318e+04 3.649201758712e+05 2.891102172767e+12 1.985254011347e-02
1.042950310773e-03 1.742247369310e+02 3.701951496267e+04 3.698539236054e+04 3.646820638096e+05 2.903080975776e+12 1.991237472519e-02
1.043293471914e-03 1.739157793829e+02 3.699032996242e+04 3.696005039981e+04 3.641417249701e+05 2.894997584367e+12 1.997492707944e-02
1.043669651531e-03 1.591095262512e+02 3.618443012908e+04 3.617217576473e+04 3.517646589729e+05 2.588862857643e+12 2.006327941136e-02
1.044404056981e-03 8.485116363671e+01 2.964298063692e+04 2.963559048524e+04 2.647592797344e+05 1.095812501488e+12 2.017286500264e-02
1.046252658919e-03 2.794848733540e+01 9.548260093221e+03 9.550256333030e+03 6.829653895618e+04 6.882757643211e+10 2.023983150246e-02
1.049196194674e-03 2.003337535585e+01 4.539564852711e+02 5.399049632297e+02 1.959196157941e+03 3.951362356261e+08 2.030032780774e-02
1.052292210837e-03 1.933618930318e+01 1.161480902220e+02 1.381241353320e+02 3.335023135940e+00 4.328264872080e+07 2.036021524910e-02
1.055390532185e-03 1.932001564398e+01 1.160452064030e+02 1.380017850614e+02 1.355540041957e-03 4.319022872304e+07 2.042007488985e-02
1.058488856001e-03 1.932000001455e+01 1.160451834206e+02 1.380017577306e+02 1.796273812812e-07 4.319018498886e+07 2.047993450603e-02
1.061587179818e-03 1.931999999624e+01 1.160451834751e+02 1.380017577954e+02 -4.656823614418e-07 4.319018498611e+07 2.053979412217e-02
1.064685503636e-03 1.931999999497e+01 1.160451834729e+02 1.380017577928e+02 5.300545274154e-09 4.319018498235e+07 2.059965373833e-02
1.067783827454e-03 1.931999999514e+01 1.160451834733e+02 1.380017577932e+02 6.018687306563e-07 4.319018498290e+07 2.065951335447e-02
1.070882151272e-03 1.932000000822e+01 1.160451834109e+02 1.380017577191e+02 4.621377094778e-07 4.319018497091e+07 2.071937297064e-02
1.073980475088e-03 1.932000000542e+01 1.160451834070e+02 1.380017577144e+02 -2.750603873721e-07 4.319018496321e+07 2.077923258680e-02
1.077078798906e-03 1.931999998795e+01 1.160451834629e+02 1.380017577808e+02 1.937418843372e-08 4.319018496288e+07 2.083909220293e-02
1.080177122724e-03 1.932000000365e+01 1.160451834040e+02 1.380017577109e+02 4.884833170453e-07 4.319018495804e+07 2.089895181910e-02
1.083275446541e-03 1.932000000181e+01 1.160451834021e+02 1.380017577086e+02 2.018779443121e-07 4.319018495334e+07 2.095881143526e-02
1.086373770359e-03 1.932000000250e+01 1.160451834027e+02 1.380017577093e+02 -1.865435369910e-07 4.319018495505e+07 2.101867105141e-02
1.089472094176e-03 1.932000000551e+01 1.160451834067e+02 1.380017577141e+02 -7.010532081081e-07 4.319018496320e+07 2.107853066757e-02
1.092570417993e-03 1.931999999492e+01 1.160451834731e+02 1.380017577930e+02 -6.498884665898e-07 4.319018498239e+07 2.113839028372e-02
1.095668741811e-03 1.931999999485e+01 1.160451834730e+02 1.380017577929e+02 -1.353898075696e-10 4.319018498220e+07 2.119824989987e-02
1.098767065630e-03 1.931999999494e+01 1.160451834731e+02 1.380017577931e+02 6.486580242826e-07 4.319018498243e+07 2.125810951602e-02
1.101865389447e-03 1.932000000545e+01 1.160451834066e+02 1.380017577140e+02 7.029611578015e-07 4.319018496303e+07 2.131796913219e-02
1.104963713264e-03 1.932000000219e+01 1.160451834024e+02 1.380017577090e+02 2.043040558189e-07 4.319018495426e+07 2.137782874834e-02
1.108062037082e-03 1.932000000208e+01 1.160451834023e+02 1.380017577088e+02 -1.962006085725e-07 4.319018495396e+07 2.143768836449e-02
1.111160360898e-03 1.932000000505e+01 1.160451834060e+02 1.380017577132e+02 -6.720734053365e-07 4.319018496188e+07 2.149754798066e-02
1.114258684716e-03 1.931999999465e+01 1.160451834729e+02 1.380017577927e+02 -6.575194485418e-07 4.319018498172e+07 2.155740759680e-02
1.117357008534e-03 1.931999999814e+01 1.160451834778e+02 1.380017577986e+02 -2.167348694623e-07 4.319018499136e+07 2.161726721296e-02
1.120455332352e-03 1.932000000017e+01 1.160451834811e+02 1.380017578026e+02 -1.023104491537e-09 4.319018499724e+07 2.167712682911e-02
1.123553656169e-03 1.931999999801e+01 1.160451834776e+02 1.380017577984e+02 2.252074681788e-07 4.319018499103e+07 2.173698644527e-02
1.126651979988e-03 1.931999999436e+01 1.160451834725e+02 1.380017577923e+02 6.817279998474e-07 4.319018498091e+07 2.179684606141e-02
1.129750303805e-03 1.932000000497e+01 1.160451834063e+02 1.380017577136e+02 6.359367170125e-07 4.319018496192e+07 2.185670567758e-02
1.132848627622e-03 1.932000000533e+01 1.160451834068e+02 1.380017577141e+02 -1.532142707347e-08 4.319018496288e+07 2.191656529373e-02
1.135946951439e-03 1.932000000477e+01 1.160451834060e+02 1.380017577132e+02 -6.185832813551e-07 4.319018496136e+07 2.197642490990e-02
1.139045275256e-03 1.931999999162e+01 1.160451834685e+02 1.380017577875e+02 -4.651831623143e-07 4.319018497327e+07 2.203628452604e-02
1.142143599075e-03 1.931999999462e+01 1.160451834726e+02 1.380017577924e+02 2.685722824947e-07 4.319018498150e+07 2.209614414218e-02
1.145241922892e-03 1.932000001229e+01 1.160451834170e+02 1.380017577263e+02 -4.080965604934e-08 4.319018498238e+07 2.215600375836e-02
1.148340246709e-03 1.931999999641e+01 1.160451834754e+02 1.380017577957e+02 -4.578084530815e-07 4.319018498660e+07 2.221586337451e-02
1.151438570527e-03 1.931999999518e+01 1.160451834732e+02 1.380017577932e+02 -6.164421017550e-09 4.319018498295e+07 2.227572299066e-02
1.154536894345e-03 1.931999999493e+01 1.160451834730e+02 1.380017577929e+02 6.228133266555e-07 4.319018498236e+07 2.233558260681e-02
1.157635218163e-03 1.932000000560e+01 1.160451834071e+02 1.380017577145e+02 6.755257953351e-07 4.319018496357e+07 2.239544222297e-02
1.160733541980e-03 1.932000000194e+01 1.160451834021e+02 1.380017577086e+02 2.207589522535e-07 4.319018495361e+07 2.245530183913e-02
1.163831865797e-03 1.931999999974e+01 1.160451833989e+02 1.380017577048e+02 1.496683872570e-09 4.319018494746e+07 2.251516145528e-02
1.166930189615e-03 1.932000000188e+01 1.160451834018e+02 1.380017577082e+02 -2.102967751178e-07 4.319018495326e+07 2.257502107143e-02
1.170028513432e-03 1.932000000539e+01 1.160451834066e+02 1.380017577140e+02 -6.546131735834e-07 4.319018496292e+07 2.263488068760e-02
1.173126837249e-03 1.931999999497e+01 1.160451834734e+02 1.380017577934e+02 -6.728421327357e-07 4.319018498265e+07 2.269474030374e-02
1.176225161067e-03 1.931999999793e+01 1.160451834773e+02 1.380017577980e+02 -1.991141998179e-07 4.319018499065e+07 2.275459991990e-02
1.179323484885e-03 1.931999999783e+01 1.160451834771e+02 1.380017577978e+02 2.006517899020e-07 4.319018499036e+07 2.281445953606e-02
1.182421808703e-03 1.931999999447e+01 1.160451834733e+02 1.380017577933e+02 7.025678120511e-07 4.319018498164e+07 2.287431915220e-02
1.185520132521e-03 1.932000000508e+01 1.160451834064e+02 1.380017577137e+02 6.517552885182e-07 4.319018496219e+07 2.293417876836e-02
1.188618456338e-03 1.932000000516e+01 1.160451834065e+02 1.380017577138e+02 2.348708538152e-09 4.319018496241e+07 2.299403838452e-02
1.191716780154e-03 1.932000000508e+01 1.160451834064e+02 1.380017577137e+02 -6.493896884676e-07 4.319018496220e+07 2.305389800068e-02
1.194815103972e-03 1.931999999460e+01 1.160451834729e+02 1.380017577928e+02 -7.072876619564e-07 4.319018498165e+07 2.311375761683e-02
1.197913427790e-03 1.931999999771e+01 1.160451834775e+02 1.380017577983e+02 -2.047397031542e-07 4.319018499037e+07 2.317361723298e-02
1.201011751608e-03 1.931999999790e+01 1.160451834772e+02 1.380017577979e+02 2.010021984160e-07 4.319018499057e+07 2.323347684914e-02
1.204110075426e-03 1.931999999491e+01 1.160451834733e+02 1.380017577933e+02 6.802820858767e-07 4.319018498250e+07 2.329333646529e-02
1.207208399244e-03 1.932000000511e+01 1.160451834062e+02 1.380017577135e+02 6.791245740335e-07 4.319018496212e+07 2.335319608145e-02
1.210306723060e-03 1.932000000225e+01 1.160451834023e+02 1.380017577088e+02 1.929595880962e-07 4.319018495430e+07 2.341305569760e-02
1.213405046878e-03 1.932000000226e+01 1.160451834024e+02 1.380017577089e+02 -2.107960836561e-07 4.319018495438e+07 2.347291531376e-02
1.216503370695e-03 1.932000000488e+01 1.160451834060e+02 1.380017577132e+02 -6.523158552072e-07 4.319018496154e+07 2.353277492992e-02
1.219601694512e-03 1.931999999187e+01 1.160451834688e+02 1.380017577879e+02 -4.469942487706e-07 4.319018497397e+07 2.359263454606e-02
1.222700018331e-03 1.931999999482e+01 1.160451834729e+02 1.380017577928e+02 2.687699076494e-07 4.319018498209e+07 2.365249416221e-02
1.225798342148e-03 1.932000001206e+01 1.160451834162e+02 1.380017577254e+02 7.634961264011e-09 4.319018498147e+07 2.371235377839e-02
1.228896665965e-03 1.931999999446e+01 1.160451834727e+02 1.380017577925e+02 -2.458585791636e-07 4.319018498123e+07 2.377221339453e-02
1.231994989784e-03 1.931999999276e+01 1.160451834707e+02 1.380017577901e+02 4.239109931201e-07 4.319018497678e+07 2.383207301068e-02
1.235093313601e-03 1.932000000635e+01 1.160451834084e+02 1.380017577160e+02 4.250476223622e-07 4.319018496579e+07 2.389193262684e-02
1.238191637418e-03 1.932000000766e+01 1.160451834103e+02 1.380017577184e+02 -4.303728295253e-07 4.319018496950e+07 2.395179224301e-02
1.241289961235e-03 1.931999999468e+01 1.160451834729e+02 1.380017577928e+02 -6.346087597157e-07 4.319018498181e+07 2.401165185915e-02
1.244388285053e-03 1.931999999767e+01 1.160451834771e+02 1.380017577978e+02 -2.076583893472e-07 4.319018499005e+07 2.407151147530e-02
1.247486608871e-03 1.932000000040e+01 1.160451834810e+02 1.380017578025e+02 -2.238225972441e-08 4.319018499763e+07 2.413137109146e-02
1.250584932688e-03 1.932000000043e+01 1.160451834811e+02 1.380017578025e+02 1.702866081707e-08 4.319018499771e+07 2.419123070762e-02
1.253683256506e-03 1.931999999759e+01 1.160451834776e+02 1.380017577983e+02 2.075423217854e-07 4.319018499015e+07 2.425109032377e-02
1.256781580324e-03 1.931999999472e+01 1.160451834730e+02 1.380017577929e+02 6.390387418630e-07 4.319018498191e+07 2.431094993992e-02
1.259879904142e-03 1.932000000765e+01 1.160451834103e+02 1.380017577184e+02 4.356753375589e-07 4.319018496947e+07 2.437080955608e-02
1.262978227958e-03 1.932000000633e+01 1.160451834084e+02 1.380017577161e+02 -4.273852217516e-07 4.319018496578e+07 2.443066917224e-02
1.266076551775e-03 1.931999999314e+01 1.160451834707e+02 1.380017577901e+02 -4.536257169221e-07 4.319018497752e+07 2.449052878839e-02
1.269174875594e-03 1.931999999491e+01 1.160451834727e+02 1.380017577925e+02 2.538343768862e-07 4.319018498212e+07 2.455038840453e-02
1.272273199411e-03 1.932000000922e+01 1.160451834119e+02 1.380017577203e+02 1.801144042528e-07 4.319018497344e+07 2.461024802071e-02
1.275371523229e-03 1.931999999066e+01 1.160451834674e+02 1.380017577863e+02 1.897996614545e-07 4.319018497082e+07 2.467010763684e-02
1.278469847047e-03 1.932000000484e+01 1.160451834064e+02 1.380017577137e+02 2.805235412735e-07 4.319018496174e+07 2.472996725301e-02
1.281568170863e-03 1.932000000761e+01 1.160451834098e+02 1.380017577177e+02 -4.679498130671e-07 4.319018496905e+07 2.478982686917e-02
1.284666494680e-03 1.931999999481e+01 1.160451834731e+02 1.380017577930e+02 -6.287352456291e-07 4.319018498213e+07 2.484968648532e-02
1.287764818499e-03 1.931999999764e+01 1.160451834770e+02 1.380017577977e+02 -1.999592929620e-07 4.319018498994e+07 2.490954610147e-02
1.290863142316e-03 1.932000000030e+01 1.160451834808e+02 1.380017578022e+02 -3.480439762693e-09 4.319018499731e+07 2.496940571763e-02
1.293961466134e-03 1.932000000029e+01 1.160451834811e+02 1.380017578026e+02 -3.134299001078e-10 4.319018499748e+07 2.502926533378e-02
1.297059789951e-03 1.932000000035e+01 1.160451834809e+02 1.380017578023e+02 -1.272719033149e-09 4.319018499746e+07 2.508912494994e-02
1.300158113769e-03 1.931999999771e+01 1.160451834771e+02 1.380017577978e+02 1.956993963480e-07 4.319018499014e+07 2.514898456609e-02
1.303256437587e-03 1.931999999423e+01 1.160451834723e+02 1.380017577921e+02 6.757680877487e-07 4.319018498060e+07 2.520884418224e-02
1.306354761405e-03 1.932000000499e+01 1.160451834061e+02 1.380017577134e+02 6.366278310329e-07 4.319018496186e+07 2.526870379840e-02
1.309453085221e-03 1.932000000533e+01 1.160451834068e+02 1.380017577141e+02 -1.476753522107e-08 4.319018496287e+07 2.532856341456e-02
1.312551409038e-03 1.932000000475e+01 1.160451834060e+02 1.380017577133e+02 -6.240765910271e-07 4.319018496133e+07 2.538842303072e-02
1.315649732856e-03 1.931999999199e+01 1.160451834691e+02 1.380017577882e+02 -4.978312156248e-07 4.319018497435e+07 2.544828264686e-02
1.318748056675e-03 1.931999999521e+01 1.160451834731e+02 1.380017577930e+02 2.675071290487e-07 4.319018498291e+07 2.550814226301e-02
1.321846380492e-03 1.932000000935e+01 1.160451834123e+02 1.380017577207e+02 1.796023293277e-07 4.319018497388e+07 2.556800187919e-02
1.324944704309e-03 1.931999999083e+01 1.160451834673e+02 1.380017577861e+02 2.110532948275e-07 4.319018497106e+07 2.562786149532e-02
1.328043028127e-03 1.932000000349e+01 1.160451834039e+02 1.380017577107e+02 4.908618213027e-07 4.319018495763e+07 2.568772111149e-02
1.331141351944e-03 1.932000000165e+01 1.160451834019e+02 1.380017577083e+02 1.579414136166e-07 4.319018495289e+07 2.574758072764e-02
1.334239675762e-03 1.932000000165e+01 1.160451834019e+02 1.380017577083e+02 -1.583288016579e-07 4.319018495289e+07 2.580744034379e-02
1.337337999579e-03 1.932000000344e+01 1.160451834038e+02 1.380017577107e+02 -4.885849277741e-07 4.319018495752e+07 2.586729995996e-02
1.340436323397e-03 1.931999999085e+01 1.160451834672e+02 1.380017577860e+02 -1.997914340217e-07 4.319018497105e+07 2.592715957609e-02
1.343534647214e-03 1.932000000909e+01 1.160451834122e+02 1.380017577206e+02 -1.927291530420e-07 4.319018497335e+07 2.598701919227e-02
1.346632971031e-03 1.931999999637e+01 1.160451834753e+02 1.380017577957e+02 -4.643755053501e-07 4.319018498649e+07 2.604687880841e-02
1.349731294849e-03 1.931999999819e+01 1.160451834778e+02 1.380017577986e+02 -1.624569742768e-07 4.319018499145e+07 2.610673842457e-02
1.352829618667e-03 1.932000000028e+01 1.160451834807e+02 1.380017578020e+02 -8.597591698441e-09 4.319018499721e+07 2.616659804072e-02
1.355927942485e-03 1.932000000013e+01 1.160451834808e+02 1.380017578022e+02 1.582434437415e-08 4.319018499700e+07 2.622645765688e-02
1.359026266302e-03 1.932000000000e+01 1.160451834806e+02 1.380017578019e+02 2.751542103669e-09 4.319018499661e+07 2.628631727303e-02
1.362124590120e-03 1.931999999999e+01 1.160451834806e+02 1.380017578019e+02 1.517161616624e-10 4.319018499656e+07 2.634617688919e-02
1.365222913937e-03 1.931999999999e+01 1.160451834806e+02 1.380017578019e+02 -2.186650741222e-09 4.319018499659e+07 2.640603650534e-02
1.368321237755e-03 1.932000000014e+01 1.160451834808e+02 1.380017578022e+02 -1.748848658703e-08 4.319018499701e+07 2.646589612150e-02
1.371419561572e-03 1.932000000037e+01 1.160451834809e+02 1.380017578022e+02 -1.542999836007e-09 4.319018499746e+07 2.652575573765e-02
1.374517885390e-03 1.931999999782e+01 1.160451834773e+02 1.380017577980e+02 1.885086319174e-07 4.319018499043e+07 2.658561535381e-02
1.377616209208e-03 1.931999999466e+01 1.160451834729e+02 1.380017577928e+02 6.436503355838e-07 4.319018498178e+07 2.664547496995e-02
1.380714533026e-03 1.932000000538e+01 1.160451834065e+02 1.380017577138e+02 6.425094604518e-07 4.319018496282e+07 2.670533458612e-02
1.383812856842e-03 1.932000000218e+01 1.160451834023e+02 1.380017577088e+02 1.860958445859e-07 4.319018495414e+07 2.676519420227e-02
1.386911180660e-03 1.931999999961e+01 1.160451833986e+02 1.380017577045e+02 9.924877141126e-10 4.319018494705e+07 2.682505381843e-02
1.390009504477e-03 1.931999999972e+01 1.160451833984e+02 1.380017577042e+02 -7.128911654466e-10 4.319018494714e+07 2.688491343458e-02
1.393107828295e-03 1.931999999980e+01 1.160451833989e+02 1.380017577048e+02 -1.667456249896e-08 4.319018494757e+07 2.694477305074e-02
1.396206152112e-03 1.932000000217e+01 1.160451834022e+02 1.380017577087e+02 -1.951777717181e-07 4.319018495411e+07 2.700463266689e-02
1.399304475929e-03 1.932000000416e+01 1.160451834046e+02 1.380017577116e+02 -4.691559416670e-07 4.319018495935e+07 2.706449228306e-02
1.402402799748e-03 1.931999998781e+01 1.160451834623e+02 1.380017577802e+02 2.849193731107e-08 4.319018496227e+07 2.712435189919e-02
1.405501123566e-03 1.932000000374e+01 1.160451834044e+02 1.380017577114e+02 4.710605546472e-07 4.319018495844e+07 2.718421151535e-02
1.408599447383e-03 1.932000000500e+01 1.160451834066e+02 1.380017577139e+02 -4.582030220844e-09 4.319018496216e+07 2.724407113151e-02
1.411697771199e-03 1.932000000484e+01 1.160451834062e+02 1.380017577134e+02 -6.073933618506e-07 4.319018496159e+07 2.730393074767e-02
1.414796095017e-03 1.931999999215e+01 1.160451834692e+02 1.380017577884e+02 -4.956127609992e-07 4.319018497474e+07 2.736379036382e-02
1.417894418836e-03 1.931999999511e+01 1.160451834730e+02 1.380017577929e+02 2.699732427860e-07 4.319018498267e+07 2.742364997996e-02
1.420992742653e-03 1.932000000939e+01 1.160451834122e+02 1.380017577206e+02 1.879747371766e-07 4.319018497391e+07 2.748350959614e-02
1.424091066470e-03 1.931999999084e+01 1.160451834677e+02 1.380017577866e+02 1.731715016974e-07 4.319018497132e+07 2.754336921227e-02
1.427189390288e-03 1.932000000518e+01 1.160451834065e+02 1.380017577138e+02 2.805286465363e-07 4.319018496246e+07 2.760322882844e-02
1.430287714105e-03 1.932000000538e+01 1.160451834069e+02 1.380017577143e+02 -3.084152678936e-07 4.319018496304e+07 2.766308844461e-02
1.433386037923e-03 1.931999999043e+01 1.160451834667e+02 1.380017577854e+02 -1.380855888171e-07 4.319018496993e+07 2.772294806074e-02
1.436484361740e-03 1.932000000774e+01 1.160451834099e+02 1.380017577179e+02 -3.625845230510e-09 4.319018496939e+07 2.778280767691e-02
1.439582685558e-03 1.931999999219e+01 1.160451834695e+02 1.380017577887e+02 -3.546610434814e-10 4.319018497496e+07 2.784266729305e-02
1.442681009376e-03 1.932000000990e+01 1.160451834136e+02 1.380017577222e+02 -1.962900547359e-07 4.319018497573e+07 2.790252690922e-02
1.445779333192e-03 1.931999999656e+01 1.160451834753e+02 1.380017577956e+02 -4.892619054916e-07 4.319018498684e+07 2.796238652537e-02
1.448877657011e-03 1.931999999540e+01 1.160451834736e+02 1.380017577936e+02 1.513197391119e-08 4.319018498356e+07 2.802224614152e-02
1.451975980829e-03 1.931999999480e+01 1.160451834729e+02 1.380017577928e+02 6.401695415891e-07 4.319018498203e+07 2.808210575767e-02
1.455074304646e-03 1.932000000540e+01 1.160451834067e+02 1.380017577140e+02 6.981251274979e-07 4.319018496295e+07 2.814196537383e-02
1.458172628463e-03 1.932000000223e+01 1.160451834025e+02 1.380017577090e+02 1.938647658467e-07 4.319018495436e+07 2.820182498999e-02
1.461270952281e-03 1.932000000164e+01 1.160451834018e+02 1.380017577082e+02 -1.798028375842e-07 4.319018495283e+07 2.826168460614e-02
1.464369276098e-03 1.932000000375e+01 1.160451834043e+02 1.380017577112e+02 -5.234522294323e-07 4.319018495836e+07 2.832154422231e-02
1.467467599916e-03 1.931999999061e+01 1.160451834670e+02 1.380017577858e+02 -1.998015118577e-07 4.319018497045e+07 2.838140383844e-02
1.470565923733e-03 1.932000000789e+01 1.160451834099e+02 1.380017577178e+02 -4.419305133794e-10 4.319018496967e+07 2.844126345462e-02
1.473664247551e-03 1.931999999060e+01 1.160451834671e+02 1.380017577858e+02 1.996524342298e-07 4.319018497046e+07 2.850112307075e-02
1.476762571369e-03 1.932000000375e+01 1.160451834043e+02 1.380017577112e+02 5.216882137589e-07 4.319018495838e+07 2.856098268692e-02
1.479860895186e-03 1.932000000175e+01 1.160451834020e+02 1.380017577084e+02 1.708848905234e-07 4.319018495314e+07 2.862084230307e-02
1.482959219004e-03 1.932000000217e+01 1.160451834031e+02 1.380017577098e+02 -1.995455515711e-07 4.319018495463e+07 2.868070191923e-02
1.486057542820e-03 1.932000000501e+01 1.160451834059e+02 1.380017577131e+02 -6.363843832705e-07 4.319018496175e+07 2.874056153539e-02
1.489155866638e-03 1.931999999151e+01 1.160451834682e+02 1.380017577872e+02 -4.102575610315e-07 4.319018497291e+07 2.880042115153e-02
1.492254190457e-03 1.931999999570e+01 1.160451834744e+02 1.380017577946e+02 1.164256877999e-07 4.319018498465e+07 2.886028076767e-02
1.495352514273e-03 1.932000002081e+01 1.160451834294e+02 1.380017577411e+02 -7.536468487883e-07 4.319018500614e+07 2.892014038387e-02
1.498450838089e-03 1.931999998410e+01 1.160451834571e+02 1.380017577740e+02 7.650993408697e-07 4.319018495205e+07 2.898000000000e-02
