   0.0000000e+00   9.8042169e-01
   3.2520325e-03   9.7891566e-01
   9.7560976e-03   9.7289157e-01
   1.7073171e-02   9.6837349e-01
   2.6829268e-02   9.6084337e-01
   3.4146341e-02   9.5180723e-01
   5.2032520e-02   9.4126506e-01
   6.5040650e-02   9.3072289e-01
   7.4796748e-02   9.2620482e-01
   8.3739837e-02   9.1867470e-01
   9.8373984e-02   9.0512048e-01
   1.0975610e-01   9.0210843e-01
   1.2276423e-01   8.9156627e-01
   1.3414634e-01   8.8403614e-01
   1.4634146e-01   8.7198795e-01
   1.6016260e-01   8.6144578e-01
   1.7398374e-01   8.4789157e-01
   1.8943089e-01   8.3734940e-01
   2.0813008e-01   8.1626506e-01
   2.2276423e-01   8.0120482e-01
   2.3902439e-01   7.8313253e-01
   2.5528455e-01   7.6506024e-01
   2.6829268e-01   7.4397590e-01
   2.8373984e-01   7.1385542e-01
   2.9593496e-01   6.9277108e-01
   3.0569106e-01   6.7168675e-01
   3.1463415e-01   6.5060241e-01
   3.2439024e-01   6.1445783e-01
   3.3414634e-01   5.7831325e-01
   3.4227642e-01   5.5421687e-01
   3.4715447e-01   5.1506024e-01
   3.5203252e-01   4.8644578e-01
   3.5772358e-01   4.5632530e-01
   3.6422764e-01   4.1265060e-01
   3.6422764e-01   4.1265060e-01
   3.7154472e-01   3.5391566e-01
   3.7560976e-01   3.2379518e-01
   3.8373984e-01   2.7861446e-01
   3.9430894e-01   2.4548193e-01
   4.0487805e-01   2.1084337e-01
   4.1626016e-01   1.8222892e-01
   4.2682927e-01   1.6265060e-01
   4.4065041e-01   1.3554217e-01
   4.5284553e-01   1.2349398e-01
   4.6341463e-01   1.0843373e-01
   4.7479675e-01   9.3373494e-02
   4.9268293e-01   8.1325301e-02
   5.0406504e-01   7.3795181e-02
   5.2195122e-01   6.0240964e-02
   5.4308943e-01   4.8192771e-02
   5.6829268e-01   3.6144578e-02
   5.8943089e-01   3.0120482e-02
   6.1219512e-01   2.4096386e-02
   6.3495935e-01   1.6566265e-02
   6.6016260e-01   1.5060241e-02
   6.9105691e-01   9.0361446e-03
   7.2682927e-01   7.5301205e-03
   7.4308943e-01   6.0240964e-03
   7.6991870e-01   6.0240964e-03
   8.1788618e-01   6.0240964e-03
   8.9430894e-01   1.5060241e-03
   9.7154472e-01  -4.5180723e-03
   1.0000000e+00   0.0000000e+00