  -2.4410090e-03   9.6217852e-01
   1.4646054e-02   9.4553707e-01
   2.4410090e-02   9.3192133e-01
   4.8820179e-02   9.1527988e-01
   7.3230269e-02   9.0468986e-01
   1.0008137e-01   8.9107413e-01
   1.2205045e-01   8.8502269e-01
   1.3181448e-01   8.7291982e-01
   1.5378356e-01   8.6232980e-01
   1.7087063e-01   8.5022693e-01
   2.0016273e-01   8.3812405e-01
   2.2457282e-01   8.2299546e-01
   2.5874695e-01   8.0635401e-01
   2.8071603e-01   7.8971256e-01
   3.1000814e-01   7.7458396e-01
   3.4662327e-01   7.5189107e-01
   3.6126932e-01   7.3676248e-01
   3.8812042e-01   7.2012103e-01
   4.0520749e-01   7.0196672e-01
   4.1985354e-01   6.9137670e-01
   4.3694060e-01   6.7322239e-01
   4.6135069e-01   6.4901664e-01
   4.8331977e-01   6.2329803e-01
   4.9796583e-01   6.0665658e-01
   5.0772986e-01   5.9001513e-01
   5.2237592e-01   5.7791225e-01
   5.3213995e-01   5.6580938e-01
   5.4678600e-01   5.4311649e-01
   5.6387307e-01   5.2042360e-01
   5.8096013e-01   4.9773071e-01
   5.9560618e-01   4.7655068e-01
   6.0781123e-01   4.5688351e-01
   6.2489829e-01   4.3721634e-01
   6.4930838e-01   4.0695915e-01
   6.6639544e-01   3.7972769e-01
   6.8104150e-01   3.5703480e-01
   6.9080553e-01   3.4795764e-01
   7.0301058e-01   3.4039334e-01
   7.1033360e-01   3.2375189e-01
   7.2497966e-01   3.1013616e-01
   7.4206672e-01   2.9349470e-01
   7.6159479e-01   2.8290469e-01
   7.9088690e-01   2.5416036e-01
   8.2994304e-01   2.3449319e-01
   8.4947111e-01   2.1785174e-01
   8.9340928e-01   1.9969743e-01
   9.2514239e-01   1.8154312e-01
   9.6663954e-01   1.6641452e-01
   1.0056957e+00   1.5279879e-01
   1.0325468e+00   1.4220877e-01
   1.0618389e+00   1.3010590e-01
   1.1057771e+00   1.2102874e-01
   1.1497152e+00   1.0590015e-01
   1.2107404e+00   9.3797277e-02
   1.2717657e+00   8.4720121e-02
   1.3279089e+00   7.2617247e-02
   1.3962571e+00   6.3540091e-02
   1.4401953e+00   5.7488654e-02
   1.5036615e+00   5.1437216e-02
   1.5720098e+00   4.2360061e-02
   1.6232710e+00   4.0847201e-02
   1.6794142e+00   3.3282905e-02
   1.7672905e+00   3.0257186e-02
   1.8600488e+00   2.4205749e-02
   1.9528072e+00   1.9667171e-02
   2.0358015e+00   1.8154312e-02
   2.1358828e+00   1.3615734e-02
   2.2359642e+00   1.3615734e-02
   2.3336046e+00   9.0771558e-03
   2.4263629e+00   7.5642965e-03
   2.5166802e+00   4.5385779e-03
   2.6387307e+00   7.5642965e-03
   2.7900732e+00  -1.5128593e-03
   2.9243287e+00  -1.5128593e-03
   2.9804719e+00   1.5128593e-03