   8.4175084e-03   8.7612457e-01
   2.1043771e-02   8.5536332e-01
   3.7878788e-02   8.3737024e-01
   6.3131313e-02   8.0692042e-01
   8.4175084e-02   7.8477509e-01
   1.0521886e-01   7.7923875e-01
   1.0942761e-01   7.6262976e-01
   1.2626263e-01   7.5155709e-01
   1.5572391e-01   7.1833910e-01
   1.6835017e-01   7.0865052e-01
   1.8518519e-01   6.9757785e-01
   2.1464646e-01   6.7958478e-01
   2.4410774e-01   6.5605536e-01
   2.6094276e-01   6.4083045e-01
   2.8619529e-01   6.2283737e-01
   3.0723906e-01   6.0069204e-01
   3.3249158e-01   5.8546713e-01
   3.7457912e-01   5.5501730e-01
   3.9562290e-01   5.3425606e-01
   4.4612795e-01   5.0657439e-01
   4.7558923e-01   4.8581315e-01
   4.9242424e-01   4.7889273e-01
   5.2609428e-01   4.5397924e-01
   5.3872054e-01   4.4290657e-01
   5.6818182e-01   4.3183391e-01
   5.9764310e-01   4.1522491e-01
   6.2289562e-01   3.9861592e-01
   6.7760943e-01   3.7785467e-01
   7.1969697e-01   3.5294118e-01
   7.5757576e-01   3.3633218e-01
   8.0808081e-01   3.1833910e-01
   8.7542088e-01   2.9342561e-01
   9.4696970e-01   2.7266436e-01
   9.6380471e-01   2.6712803e-01
   1.0269360e+00   2.4775087e-01
   1.0774411e+00   2.3667820e-01
   1.1405724e+00   2.2422145e-01
   1.2247475e+00   2.0899654e-01
   1.2794613e+00   1.9515571e-01
   1.3510101e+00   1.7993080e-01
   1.4267677e+00   1.7162630e-01
   1.5193603e+00   1.6193772e-01
   1.6161616e+00   1.4809689e-01
   1.7087542e+00   1.3702422e-01
   1.7803030e+00   1.2871972e-01
   1.8771044e+00   1.2179931e-01
   1.9570707e+00   1.1487889e-01
   2.0244108e+00   1.1211073e-01
   2.0833333e+00   1.0519031e-01
   2.1717172e+00   9.9653979e-02
   2.2769360e+00   9.6885813e-02
   2.3400673e+00   8.7197232e-02
   2.4368687e+00   8.1660900e-02
   2.5294613e+00   7.7508651e-02
   2.6178451e+00   7.3356401e-02
   2.6978114e+00   6.9204152e-02
   2.7988215e+00   6.9204152e-02
   2.9124579e+00   6.6435986e-02
   3.0092593e+00   5.8131488e-02
   3.1144781e+00   5.6747405e-02
   3.2407407e+00   5.2595156e-02
   3.3796296e+00   4.7058824e-02
   3.5143098e+00   4.7058824e-02
   3.6363636e+00   4.5674740e-02
   3.7626263e+00   4.0138408e-02
   3.8552189e+00   3.8754325e-02
   3.9814815e+00   4.0138408e-02
   4.1372054e+00   3.4602076e-02
   4.3013468e+00   3.3217993e-02
   4.4486532e+00   3.4602076e-02
   4.5959596e+00   3.1833910e-02
   4.7348485e+00   3.0449827e-02
   4.8358586e+00   2.7681661e-02
   4.9158249e+00   2.9065744e-02
   4.9747475e+00   3.0449827e-02
   5.0042088e+00   3.0449827e-02