   1.0050251e-02   8.7383178e-01
   2.0100503e-02   8.5046729e-01
   2.7638191e-02   8.3489097e-01
   5.0251256e-02   8.1152648e-01
   6.5326633e-02   8.0062305e-01
   8.0402010e-02   7.8037383e-01
   9.7989950e-02   7.6479751e-01
   1.2060302e-01   7.4922118e-01
   1.4824121e-01   7.2429907e-01
   1.7587940e-01   7.0249221e-01
   2.0351759e-01   6.8068536e-01
   2.1859296e-01   6.6978193e-01
   2.3366834e-01   6.6355140e-01
   2.4623116e-01   6.4953271e-01
   2.5879397e-01   6.3707165e-01
   2.7135678e-01   6.2928349e-01
   2.9145729e-01   6.1214953e-01
   3.1407035e-01   5.9813084e-01
   3.4422111e-01   5.7632399e-01
   3.7437186e-01   5.5451713e-01
   4.0703518e-01   5.3271028e-01
   4.3718593e-01   5.0934579e-01
   4.6733668e-01   4.8909657e-01
   4.7989950e-01   4.8130841e-01
   4.8492462e-01   4.7352025e-01
   5.0753769e-01   4.6105919e-01
   5.3015075e-01   4.5015576e-01
   5.5527638e-01   4.3769470e-01
   5.8040201e-01   4.2056075e-01
   6.1306533e-01   4.0654206e-01
   6.5577889e-01   3.8161994e-01
   6.9849246e-01   3.6137072e-01
   7.5125628e-01   3.4579439e-01
   8.0150754e-01   3.2087227e-01
   8.3919598e-01   3.0529595e-01
   9.0201005e-01   2.8816199e-01
   9.4723618e-01   2.7258567e-01
   9.9497487e-01   2.6012461e-01
   1.0427136e+00   2.4766355e-01
   1.0904523e+00   2.3831776e-01
   1.1457286e+00   2.2897196e-01
   1.2035176e+00   2.1495327e-01
   1.2512563e+00   2.0716511e-01
   1.3040201e+00   2.0093458e-01
   1.3567839e+00   1.9003115e-01
   1.4095477e+00   1.8691589e-01
   1.4321608e+00   1.8691589e-01
   1.4497487e+00   1.8224299e-01
   1.5050251e+00   1.7912773e-01
   1.5452261e+00   1.7289720e-01
   1.5879397e+00   1.7289720e-01
   1.6457286e+00   1.6822430e-01
   1.7135678e+00   1.7133956e-01
   1.7839196e+00   1.7757009e-01
   1.8316583e+00   1.8847352e-01
   1.8618090e+00   1.9626168e-01
   1.8944724e+00   2.1495327e-01
   1.9246231e+00   2.3831776e-01
   1.9246231e+00   2.3831776e-01
   1.9547739e+00   2.7881620e-01
   1.9748744e+00   3.2398754e-01
   1.9849246e+00   3.5202492e-01
   2.0025126e+00   4.3302181e-01
   2.0050251e+00   5.0467290e-01
   2.0075377e+00   6.0124611e-01
   2.0100503e+00   6.4797508e-01
   2.0175879e+00   6.9781931e-01
   2.0276382e+00   7.1651090e-01
   2.0452261e+00   7.1651090e-01
   2.0678392e+00   7.0249221e-01
   2.0954774e+00   6.8380062e-01
   2.1130653e+00   6.6355140e-01
   2.1180905e+00   6.4485981e-01
   2.1281407e+00   6.1993769e-01
   2.1457286e+00   5.8878505e-01
   2.1608040e+00   5.5607477e-01
   2.1683417e+00   5.1090343e-01
   2.1758794e+00   4.6728972e-01
   2.1859296e+00   4.2056075e-01
   2.1959799e+00   3.6760125e-01
   2.2010050e+00   3.1931464e-01
   2.2135678e+00   2.7725857e-01
   2.2286432e+00   2.3364486e-01
   2.2412060e+00   1.9626168e-01
   2.2613065e+00   1.6978193e-01
   2.2889447e+00   1.1993769e-01
   2.3241206e+00   9.0342679e-02
   2.3567839e+00   6.8535826e-02
   2.3944724e+00   4.5171340e-02
   2.4472362e+00   2.4922118e-02
   2.5125628e+00   1.4018692e-02
   2.5728643e+00   6.2305296e-03
   2.6231156e+00   1.5576324e-03
   2.7185930e+00  -1.5576324e-03
   2.8492462e+00   0.0000000e+00
   2.9547739e+00  -3.1152648e-03