1
1
1
1
1
1
1
1
1
1
1
1
1
1
1
1
1
1
1
1
1
1
1
1
1
1
1
1
1
1
1
1
1
1
1
1
1
1
1
1
1
1
1
1
1
1
1
1
1
1
1
1
1
1
1
1
1
1
1
1
1
1
1
1
1
1
1
1
1
1
1
1
1
1
1
1
1
1
1
1
1
1
1
1
1
1
1
1
1
1
1
1
1
1
1
1
1.00000000000000
1.00000000000000
1.00000000000000
1.00000000000000
1.00000000000000
1.00000000000000
1.00000000000000
1.00000000000000
1.00000000000000
1.00000000000000
1.00000000000000
1.00000000000000
1.00000000000000
1.00000000000000
0.999999999999999
0.999999999999999
0.999999999999999
0.999999999999999
0.999999999999999
0.999999999999999
0.999999999999999
0.999999999999999
0.999999999999999
0.999999999999999
0.999999999999999
0.999999999999999
0.999999999999999
0.999999999999999
0.999999999999999
0.999999999999999
0.999999999999998
0.999999999999998
0.999999999999998
0.999999999999998
0.999999999999998
0.999999999999998
0.999999999999998
0.999999999999997
0.999999999999997
0.999999999999997
0.999999999999997
0.999999999999997
0.999999999999996
0.999999999999996
0.999999999999996
0.999999999999995
0.999999999999995
0.999999999999995
0.999999999999994
0.999999999999994
0.999999999999993
0.999999999999993
0.999999999999992
0.999999999999992
0.999999999999991
0.999999999999990
0.999999999999989
0.999999999999988
0.999999999999987
0.999999999999986
0.999999999999985
0.999999999999983
0.999999999999982
0.999999999999980
0.999999999999978
0.999999999999976
0.999999999999974
0.999999999999971
0.999999999999968
0.999999999999965
0.999999999999961
0.999999999999957
0.999999999999953
0.999999999999948
0.999999999999942
0.999999999999935
0.999999999999929
0.999999999999920
0.999999999999910
0.999999999999900
0.999999999999889
0.999999999999874
0.999999999999858
0.999999999999841
0.999999999999823
0.999999999999796
0.999999999999768
0.999999999999738
0.999999999999706
0.999999999999658
0.999999999999607
0.999999999999552
0.999999999999493
0.999999999999403
0.999999999999305
0.999999999999200
0.999999999999088
0.999999999998908
0.999999999998712
0.999999999998500
0.999999999998272
0.999999999997892
0.999999999997475
0.999999999997021
0.999999999996528
0.999999999995671
0.999999999994719
0.999999999993673
0.999999999992533
0.999999999990437
0.999999999988083
0.999999999985470
0.999999999982598
0.999999999976980
0.999999999970578
0.999999999963392
0.999999999955421
0.999999999938638
0.999999999919179
0.999999999897045
0.999999999872236
0.999999999815633
0.999999999748680
0.999999999671378
0.999999999583724
0.999999999380393
0.999999999136758
0.999999998852820
0.999999998528579
0.999999997944214
0.999999997262362
0.999999996483023
0.999999995606197
0.999999994395182
0.999999993036951
0.999999991531501
0.999999989878834
0.999999987798848
0.999999985524627
0.999999983056171
0.999999980393480
0.999999977065969
0.999999973477782
0.999999969628919
0.999999965519380
0.999999960339615
0.999999954797529
0.999999948893124
0.999999942626398
0.999999934885467
0.999999926654839
0.999999917934515
0.999999908724496
0.999999897549981
0.999999885730359
0.999999873265630
0.999999860155793
0.999999844489581
0.999999827991817
0.999999810662500
0.999999792501631
0.999999771080645
0.999999748607606
0.999999725082512
0.999999700505365
0.999999671841538
0.999999641868001
0.999999610584756
0.999999577991802
0.999999540354289
0.999999501109313
0.999999460256873
0.999999417796970
0.999999369189497
0.999999318633462
0.999999266128867
0.999999211675710
0.999999149820150
0.999999085628640
0.999999019101178
0.999998950237768
0.999998872550944
0.999998792091239
0.999998708858656
0.999998622853195
0.999998526429641
0.999998426743706
0.999998323795393
0.999998217584702
0.999998099175793
0.999997976959307
0.999997850935246
0.999997721103612
0.999997577096874
0.999997428678491
0.999997275848468
0.999997118606808
0.999996945006281
0.999996766328031
0.999996582572062
0.999996393738379
0.999996186145674
0.999995972744068
0.999995753533570
0.999995528514185
0.999995282104309
0.999995029085942
0.999994769459092
0.999994503223769
0.999994212730314
0.999993914757355
0.999993609304902
0.999993296372969
0.999992956062945
0.999992607327690
0.999992250167220
0.999991884581551
0.999991488235185
0.999991082439891
0.999990667195689
0.999990242502601
0.999989783397636
0.999989313739040
0.999988833526841
0.999988342761065
0.999987813647117
0.999987272790533
0.999986720191347
0.999986155849593
0.999985548926635
0.999984928984407
0.999984296022951
0.999983650042313
0.999982956945429
0.999982249461927
0.999981527591864
0.999980791335294
0.999980003109147
0.999979199035015
0.999978379112967
0.999977543343073
0.999976650422628
0.999975740095569
0.999974812361982
0.999973867221954
0.999972859407508
0.999971832527158
0.999970786581008
0.999969721569167
0.999968588010796
0.999967433623387
0.999966258407070
0.999965062361977
0.999963791533962
0.999962498006574
0.999961181779970
0.999959842854314
0.999958422532095
0.999956977529547
0.999955507846863
0.999954013484238
0.999952430728929
0.999950821198510
0.999949184893214
0.999947521813278
0.999945762935909
0.999943975071126
0.999942158219208
0.999940312380440
0.999938362936090
0.999936382171353
0.999934370086565
0.999932326682066
0.999930171439403
0.999927982419261
0.999925759622040
0.999923503048145
0.999921125952711
0.999918712494689
0.999916262674552
0.999913776492783
0.999911160663959
0.999908505756160
0.999905811769946
0.999903078705885
0.999900206415436
0.999897292195079
0.999894336045475
0.999891337967292
0.999888190582009
0.999884998277053
0.999881761053198
0.999878478911230
0.999875036899636
0.999871546836409
0.999868008722453
0.999864422558687
0.999860665451120
0.999856857013915
0.999852997248127
0.999849086154828
0.999844992521008
0.999840844129710
0.999836640982162
0.999832383079607
0.999827930505532
0.999823419592548
0.999818850342075
0.999814222755553
0.999809387801449
0.999804490769200
0.999799531660447
0.999794510476854
0.999789268650219
0.999783960844185
0.999778587060643
0.999773147301509
0.999767473046016
0.999761728744023
0.999755914397706
0.999750030009264
0.999743896650621
0.999737689008006
0.999731407083912
0.999725050880859
0.999718430603506
0.999711731629939
0.999704953963008
0.999698097605595
0.999690961439303
0.999683741985734
0.999676439248139
0.999669053229803
0.999661370951782
0.999653600610925
0.999645742210931
0.999637795755539
0.999629535938047
0.999621183093844
0.999612737227131
0.999604198342155
0.999595328233417
0.999586359939908
0.999577293466390
0.999568128817674
0.999558614361413
0.999548996363483
0.999539274829267
0.999529449764207
0.999519255521532
0.999508952175784
0.999498539733040
0.999488018199443
0.999477107343888
0.999466081614339
0.999454941017645
0.999443685560725
0.999432019755061
0.999420233088093
0.999408325567527
0.999396297201144
0.999383836641754
0.999371249012263
0.999358534321323
0.999345692577673
0.999332395840749
0.999318965595947
0.999305401852967
0.999291704621604
0.999277528702793
0.999263212603553
0.999248756334741
0.999234159907323
0.999219060091800
0.999203813180957
0.999188419186931
0.999172878121974
0.999156807955275
0.999140583528815
0.999124204856141
0.999107671950927
0.999090583115436
0.999073332597535
0.999055920412323
0.999038346575037
0.999020188928885
0.999001861912534
0.998983365542792
0.998964699836617
0.998945421181322
0.998925965192564
0.998906331889024
0.998886521289557
0.998866067408664
0.998845427947075
0.998824602925536
0.998803592364978
0.998781906863214
0.998760027239186
0.998737953515904
0.998715685716581
0.998692709878389
0.998669531070318
0.998646149317860
0.998622564646731
0.998598237519646
0.998573698260018
0.998548946896063
0.998523983456238
0.998498241426962
0.998472277772193
0.998446092523127
0.998419685711227
0.998392462707124
0.998365008244016
0.998337322356364
0.998309405078917
0.998280632118221
0.998251617507788
0.998222361285651
0.998192863490161
0.998162468716403
0.998131821730532
0.998100922574489
0.998069771290563
0.998037679746114
0.998005325038886
0.997972707215098
0.997939826321341
0.997905959676735
0.997871818511042
0.997837402875155
0.997802712820376
0.997766989349425
0.997730979573554
0.997694683548766
0.997658101331509
0.997620435446836
0.997582471024424
0.997544208125866
0.997505646813231
0.997465948993209
0.997425939931227
0.997385619694984
0.997344988352699
0.997303164732117
0.997261016667309
0.997218544232651
0.997175747503086
0.997131699634298
0.997087313593097
0.997042589461159
0.996997527320775
0.996951151559996
0.996904423338027
0.996857342744533
0.996809909869843
0.996761097442545
0.996711917673996
0.996662370662597
0.996612456507475
0.996561092519149
0.996509345675549
0.996457216084642
0.996404703855185
0.996350666974949
0.996296231047653
0.996241396191748
0.996186162526536
0.996129324408232
0.996072070324687
0.996014400405841
0.995956314782563
0.995896539194474
0.995836329939268
0.995775687159500
0.995714610998730
0.995651753219006
0.995588443225109
0.995524681173450
0.995460467221531
0.995394372781288
0.995327806660001
0.995260769029325
0.995193260062100
0.995123763856283
0.995053775501080
0.994983295184938
0.994912323097599
0.994839247730643
0.994765658645573
0.994691556049375
0.994616940150444
0.994540094606550
0.994462712564911
0.994384794253016
0.994306339899891
0.994225517543966
0.994144134569102
0.994062191225522
0.993979687765123
0.993894663707328
0.993809053409495
0.993722857147124
0.993636075197538
0.993546603903823
0.993456519067937
0.993365820993568
0.993274509986401
0.993180320926098
0.993085489110997
0.992990014876344
0.992893898559575
0.992794692247115
0.992694811786600
0.992594257548759
0.992493029906728
0.992388471710228
0.992283205452495
0.992177231544363
0.992070550399314
0.991960262886032
0.991849230452873
0.991737453556268
0.991624932655575
0.991508485463030
0.991391253004085
0.991273235787386
0.991154434324834
0.991031330518543
0.990907396907738
0.990782634061388
0.990657042552085
0.990526698290334
0.990395474541888
0.990263371946141
0.990130391146549
0.989992108661495
0.989852890573810
0.989712737606189
0.989571650485914
0.989424574808854
0.989276499130185
0.989127424272781
0.988977351064745
0.988820403141445
0.988662379792418
0.988503281963633
0.988343110607096
0.988174875178427
0.988005473580643
0.987834906915366
0.987663176291298
0.987481695765317
0.987298935742687
0.987114897529915
0.986929582442004
0.986731937571786
0.986532863696648
0.986332362409332
0.986130435313152
0.985911736532823
0.985691393355039
0.985469407813080
0.985245781954175
0.984995955353572
0.984744118170288
0.984490273252978
0.984234423471075
0.983919117873046
0.983600829213572
0.983279562850245
0.982955324186170
0.982676788002740
0.982396102425108
0.982113270869862
0.981828296777091
0.981541183610247
0.981251934855840
0.980960554023476
0.980667044645843
0.980388674634548
0.980108422776497
0.979826292078147
0.979542285563785
0.979269888105937
0.978995792470294
0.978720001318944
0.978442517328419
0.978172105653735
0.977900110421948
0.977626534104354
0.977351379184740
0.977080905900523
0.976808929135006
0.976535451241874
0.976260474586011
0.975988718207599
0.975715518198181
0.975440876835219
0.975164796406443
0.974890954161254
0.974615715070472
0.974339081361411
0.974061055270947
0.973784562911670
0.973506711473661
0.973227503151778
0.972946940149879
0.972667381836096
0.972386495690410
0.972104283887874
0.971820748612077
0.971537806025015
0.971253561968677
0.970968018607731
0.970681178114995
0.970394599869038
0.970106742753939
0.969817608931240
0.969527200570304
0.969236783466524
0.968945107134847
0.968652173739426
0.968357985451940
0.968063561604464
0.967767895801000
0.967470990212946
0.967172847018970
0.966874275640703
0.966574477657494
0.966273455251794
0.965971210613091
0.965668371123696
0.965364318799372
0.965059055836817
0.964752584439560
0.964445371971488
0.964136959123378
0.963827348108898
0.963516541148356
0.963204864666532
0.962891999166801
0.962577946882124
0.962262710051922
0.961946488904239
0.961629089181146
0.961310513136917
0.960990763032116
0.960669924531109
0.960347917115410
0.960024743062390
0.959700404655551
0.959374883757661
0.959048202945993
0.958720364522587
0.958391370795457
0.958061108269670
0.957729694268751
0.957397131120810
0.957063421159784
0.956728362789952
0.956392160904425
0.956054817858645
0.955716336013738
0.955376431985336
0.955035391992961
0.954693218420526
0.954349913657492
0.954005117997405
0.953659193578924
0.953312142815470
0.952963968125873
0.952614238029303
0.952263386085795
0.951911414739221
0.951558326438731
0.951203621257875
0.950847800888785
0.950490867806671
0.950132824491886
0.949773107382818
0.949412281539701
0.949050349469866
0.948687313685662
0.948322549043339
0.947956681945485
0.947589714932303
0.947221650548882
0.946851805039208
0.946480863209703
0.946108827634132
0.945735700891013
0.945360742832843
0.944984694474513
0.944607558423992
0.944229337293873
0.943849236518931
0.943468051371530
0.943085784494446
0.942702438534949
0.942317166579120
0.941930816109999
0.941543389805728
0.941154890348815
0.940764419739730
0.940372876425874
0.939980263121289
0.939586582544246
0.939190887572860
0.938794125675459
0.938396299602469
0.937997412108414
0.937596467604524
0.937194461936585
0.936791397891881
0.936387278261654
0.935981060035807
0.935573786405610
0.935165460195645
0.934756084234315
0.934344569278156
0.933932004689720
0.933518393331304
0.933103738068886
0.932686904221650
0.932269026538656
0.931850107920305
0.931430151270536
0.931007977311431
0.930584765349350
0.930160518323164
0.929735239175140
0.929307704350009
0.928879137399797
0.928449541302200
0.928018919038162
0.927586003413744
0.927152061597344
0.926717096605810
0.926281111459091
0.925842795877021
0.925403460100585
0.924963107186099
0.924521740192825
0.924078006164674
0.923633258012640
0.923187498832798
0.922740731724010
0.922291560993840
0.921841382289100
0.921390198745905
0.920938013503003
0.920483389045793
0.920027762852288
0.919571138098899
0.919113517964507
0.918653422815366
0.918192332261657
0.917730249520339
0.917267177810670
0.916801595379053
0.916335023973763
0.915867466852541
0.915398927275256
0.914927841920967
0.914455774130959
0.913982727203964
0.913508704440677
0.913032100615753
0.912554521004093
0.912075968945636
0.911596447782098
0.911114310677374
0.910631204552420
0.910147132788565
0.909662098768734
0.909174413909389
0.908685766918436
0.908196161218768
0.907705600234697
0.907212353405461
0.906718151459518
0.906222997861496
0.905726896077253
0.905228073570008
0.904728303092233
0.904227588150445
0.903725932252194
0.903221521097826
0.902716169256061
0.902209880275433
0.901702657705316
0.901192644970936
0.900681698972106
0.900169823299510
0.899657021544466
0.899141394273666
0.898624841303829
0.898107366267907
0.897588972799286
0.897067718804724
0.896545546824450
0.896022460533789
0.895498463608289
0.894971571299766
0.894443768871394
0.893915060040955
0.893385448526241
0.892852906396204
0.892319462167436
0.891785119600257
0.891249882454777
0.890711678830392
0.890172581285554
0.889632593623197
0.889091719645822
0.888547843997111
0.888003082769618
0.887457439808940
0.886910918960008
0.886361360211132
0.885810924389079
0.885259615382160
0.884707437077790
0.884152184971770
0.883596064467117
0.883039079494889
0.882481233985008
0.881920278572273
0.881358463607624
0.880795793064886
0.880232270916501
0.879665602293833
0.879098083140558
0.878529717473276
0.877960509306957
0.877388117861030
0.876814885083548
0.876240815033887
0.875665911769539
0.875087788113435
0.874508832505518
0.873929049047930
0.873348441840666
0.872764576608024
0.872179888986355
0.871594383120546
0.871008063153077
0.870418447513769
0.869828019235087
0.869236782504627
0.868644741507304
0.868049366666720
0.867453189125659
0.866856213114381
0.866258442860188
0.865657300556843
0.865055365684899
0.864452642517219
0.863849135323421
0.863242217044100
0.862634516522678
0.862026038074549
0.861416786011580
0.860804083387737
0.860190609045669
0.859576367343228
0.858961362634444
0.858342867949874
0.857723612272367
0.857103600002134
0.856482835535264
0.855858541037388
0.855233496475549
0.854607706292206
0.853981174925396
0.853351072588764
0.852720231322621
0.852088655611571
0.851456349935480
0.850820432324597
0.850183787128048
0.849546418872444
0.848908332079345
0.848266591940841
0.847624135772816
0.846980968143748
0.846337093616736
0.845689523428599
0.845041248981351
0.844392274885185
0.843742605744588
0.843089198393981
0.842435098772472
0.841780311531804
0.841124841317675
0.840465589636687
0.839805657893358
0.839145050780802
0.838483772985744
0.837818669900682
0.837152899185129
0.836486465573379
0.835819373792988
0.835148412294880
0.834476795824353
0.833804529156681
0.833131617060038
0.832454790456902
0.831777321769119
0.831099215812714
0.830420477396257
0.829737778733276
0.829054451105522
0.828370499369550
0.827685928374085
0.826997350859580
0.826308157735599
0.825618353898979
0.824927944238350
0.824233480815458
0.823538415376424
0.822842752858116
0.822146498188810
0.821446141987346
0.820745197604638
0.820043670017313
0.819341564193014
0.818635308556191
0.817928478818187
0.817221079995101
0.816513117093648
0.815800955111826
0.815088233356963
0.814374956884332
0.813661130739413
0.812943055493578
0.812224435054348
0.811505274515855
0.810785578962025
0.810061583365704
0.809337057410430
0.808612006228869
0.807886434943057
0.807156511958629
0.806426073708214
0.805695125362667
0.804963672081785
0.804227814608480
0.803491457224335
0.802754605138035
0.802017263546771
0.801275464546556
0.800533181256761
0.799790418923523
0.799047182781036
0.798299434714673
0.797551218249413
0.796802538668456
0.796053401242609
0.795299696283424
0.794545539089236
0.793790934979908
0.793035889262447
0.792276219946569
0.791516114837488
0.790755579291306
0.789994618650791
0.789228977083124
0.788462916445812
0.787696442130755
0.786929559516036
0.786157937564016
0.785385913551930
0.784613492907016
0.783840681042207
0.783063070235101
0.782285074667853
0.781506699802565
0.780727951086541
0.779944342674594
0.779160367097346
0.778376029851276
0.777591336417555
0.776801721533254
0.776011757378304
0.775221449483049
0.774430803362009
0.773635173095293
0.772839211757496
0.772042924912286
0.771246318106981
0.770444662405666
0.769642694142126
0.768840418912818
0.768037842297311
0.767230151320554
0.766422166605474
0.765613893780738
0.764805338457585
0.763991601824558
0.763177590597472
0.762363310436619
0.761548766984305
0.760728974250128
0.759908926392395
0.759088629102404
0.758268088052897
0.757442227486001
0.756616131597625
0.755789806109446
0.754963256724011
0.754131316580692
0.753299161255968
0.752466796501241
0.751634228048193
0.750796196318382
0.749957969891698
0.749119554548580
0.748280956049150
0.747436819605234
0.746592509299754
0.745748030941488
0.744903390318285
0.744053135759307
0.743202728531885
0.742352174472405
0.741501479395705
0.740645092564188
0.739788574622271
0.738931931433195
0.738075168838020
0.737212634680181
0.736349991342330
0.735487244713787
0.734624400661045
0.733755703751285
0.732886919972151
0.732018055238229
0.731149115440621
0.730274239174797
0.729399298738542
0.728524300070874
0.727649249086657
0.726768176188869
0.725887062216457
0.725005913132008
0.724124734873268
0.723237447264607
0.722350142082906
0.721462825313417
0.720575502915860
0.719681981439859
0.718788466307479
0.717894963525712
0.717001479075306
0.716101693527503
0.715201938665577
0.714302220517497
0.713402545084263
0.712496464934331
0.711590440250160
0.710684477079883
0.709778581443921
0.708866183325837
0.707953865902001
0.707041635239687
0.706129497377707
0.705210757280307
0.704292123565565
0.703373602318828
0.702455199596205
0.701530092004523
0.700605116955806
0.699680280552368
0.698755588866497
0.697824087364121
0.696892745049314
0.695961568040196
0.695030562424063
0.694092638186810
0.693154900279525
0.692217354834953
0.691280007954194
0.690335630965218
0.689391467960230
0.688447525085364
0.687503808454267
0.686552947846747
0.685602329403105
0.684651959281559
0.683701843606991
0.682744465995370
0.681787359269120
0.680830529597208
0.679873983114390
0.678910052753616
0.677946422557914
0.676983098705617
0.676020087339953
0.675049567739040
0.674079378157557
0.673109524781741
0.672140013761810
0.671162865186761
0.670186077079031
0.669209655631257
0.668233606999126
0.667249788260681
0.666266361049641
0.665283331563466
0.664300705961709
0.663310172896431
0.662320063051616
0.661330382627910
0.660341137787076
0.659343844235240
0.658347006250992
0.657350630036447
0.656354721753839
0.655350618818161
0.654347004474085
0.653343884923404
0.652341266327005
0.651330301446550
0.650319858883614
0.649309944837808
0.648300565466791
0.647282684117648
0.646265359538502
0.645248597924820
0.644232405429044
0.643207549580898
0.642183285709347
0.641159620003662
0.640136558608992
0.639104666725457
0.638073402808354
0.637042773038617
0.636012783551927
0.634973790315607
0.633935461849897
0.632897804325141
0.631860823865275
0.630814660103113
0.629769198763026
0.628724446002408
0.627680407931057
0.626627000310544
0.625574333646077
0.624522414079616
0.623471247704308
0.622410518814649
0.621350570334599
0.620291408388069
0.619233039048902
0.618164906324613
0.617097594423883
0.616031109449822
0.614965457454187
0.613889834250724
0.612815073286653
0.611741180641369
0.610668162341587
0.609584955512121
0.608502653387541
0.607421262020465
0.606340787409473
0.605249898788963
0.604159958436714
0.603070972375321
0.601982946571936
0.600884271797876
0.599786590006395
0.598689907186628
0.597594229270823
0.596487657447726
0.595382124529354
0.594277636467735
0.593174199156522
0.592059612053633
0.590946111047322
0.589833702048643
0.588722390908742
0.587599663736581
0.586478071186699
0.585357619125052
0.584238313356101
0.583107311875026
0.581977494949760
0.580848868396787
0.579721437969458
0.578582020997607
0.577443839996335
0.576306900727963
0.575171208889984
0.574023224323737
0.572876528710743
0.571731127754167
0.570587027090592
0.569430314587291
0.568274945674084
0.567120925989607
0.565968261104101
0.564802648441792
0.563638435760832
0.562475628629588
0.561314232546151
0.560139537245685
0.558966300175234
0.557794526826703
0.556624222619768
0.555440248742516
0.554257793319134
0.553076861758415
0.551897459394891
0.550703998253125
0.549512117888267
0.548321823618807
0.547133120686866
0.545929949610942
0.544728423869803
0.543528548683852
0.542330329194938
0.541117209400374
0.539905801884235
0.538696111760421
0.537488144061988
0.536268676780295
0.535050980028919
0.533835058759332
0.532620917840824
0.531407909671942
0.530196693278326
0.528987273293012
0.527779654268940
0.526572999444807
0.525368156979975
0.524165131198926
0.522963926348067
0.521763509962033
0.520564925935445
0.519368178293676
0.518173270985993
0.516978984234970
0.515786549289154
0.514595969883690
0.513407249679526
0.512218989263016
0.511032599571051
0.509848084056898
0.508665446101482
0.507483113718408
0.506302670479238
0.505124119563226
0.503947464079087
0.502770966148316
0.501596375305337
0.500423694462802
0.499252926464582
0.498082173245423
0.496913344607247
0.495746443203097
0.494581471618951
0.493416377337207
0.492253224700982
0.491092016110317
0.489932753899854
0.488773236038559
0.487615676480899
0.486460077380149
0.485306440825822
0.484152420049882
0.483000373849807
0.481850304138010
0.480702212764738
0.479553612485618
0.478407002688922
0.477262385051782
0.476119761190725
0.474976507364886
0.473835259581623
0.472696019288067
0.471558787872273
0.470420808684201
0.469284850771301
0.468150915355709
0.467019003601978
0.465886229359078
0.464755491314234
0.463626790469322
0.462500127770096
0.461372490607989
0.460246904274719
0.459123369556380
0.458001887184384
0.456879320849297
0.455758819698946
0.454640384307887
0.453524015197409
0.452406454784946
0.451290973655348
0.450177572175651
0.449066250661005
0.447953632796514
0.446843108070695
0.445734676646862
0.444628338637807
0.443520600839924
0.442414969811104
0.441311445514531
0.440210027864205
0.439107108611199
0.438006309548077
0.436907630441285
0.435811071009403
0.434712909593832
0.433616881595035
0.432522986585921
0.431431224092828
0.430337760437361
0.429246443247278
0.428157271904969
0.427070245747528
0.425981420298513
0.424894754200652
0.423810246648652
0.422727896793184
0.421643650195345
0.420561575687748
0.419481672280079
0.418403938939228
0.417324212238302
0.416246670234862
0.415171311756070
0.414098135587517
0.413022869836236
0.411949801273797
0.410878928547166
0.409810250262944
0.408739386499774
0.407670732316546
0.406604286182198
0.405540046526495
0.404473525387332
0.403409226135841
0.402347147064935
0.401287286429537
0.400225048581072
0.399165044859416
0.398107273383312
0.397051732234673
0.395993717479185
0.394937949039306
0.393884424861295
0.392833142855739
0.391779290614860
0.390727696844083
0.389678359318718
0.388631275779547
0.387581524701694
0.386534044231643
0.385488831975134
0.384445885504517
0.383400173206784
0.382356743656287
0.381315594290417
0.380276722514297
0.379234985782369
0.378195543956434
0.377158394306596
0.376123534071808
0.375085708165131
0.374050189363139
0.373016974769551
0.371986061458041
0.370952080405879
0.369920418716396
0.368891073327663
0.367864041148805
0.366833837339047
0.365805965230544
0.364780421596283
0.363757203181399
0.362730707180009
0.361706555321272
0.360684744213488
0.359665270438193
0.358642410899672
0.357621908070888
0.356603758395668
0.355587958292161
0.354568661636709
0.353551734408368
0.352537172886521
0.351524973325953
0.350509163353120
0.349495735701803
0.348484686486776
0.347476011799292
0.346463609877584
0.345453603375103
0.344445988241647
0.343440760404570
0.342431684575642
0.341425017497927
0.340420754955662
0.339418892711720
0.338413057785787
0.337409645208464
0.336408650597619
0.335410069550829
0.334407386680537
0.333407140055507
0.332409325126188
0.331413937323815
0.330414313463066
0.329417140080751
0.328422412458588
0.327430125860160
0.326433463535767
0.325439266298802
0.324447529260666
0.323458247515712
0.322464444241029
0.321473121081833
0.320484272977322
0.319497894850737
0.318506842695437
0.317518286149338
0.316532219977227
0.315548638929033
0.314560223570873
0.313574319834030
0.312590922306317
0.311610025561794
0.310624125857772
0.309640754362148
0.308659905482807
0.307681573615001
0.306698060944382
0.305717093705953
0.304738666124302
0.303762772412511
0.302781509722680
0.301802810394320
0.300826668464876
0.299853077961435
0.298873918404826
0.297897340922783
0.296923339361244
0.295951907556947
0.294974693541133
0.294000081183004
0.293028064132036
0.292058636029691
0.291083198221754
0.290110382619417
0.289140182670095
0.288172591814399
0.287198746806765
0.286227545628546
0.285258981518753
0.284293047710823
0.283320596775514
0.282350812491745
0.281383687882944
0.280419215968227
0.279447942678371
0.278479360201180
0.277513461336359
0.276550238880599
0.275579906310659
0.274612290215955
0.273647383163229
0.272685177717545
0.271715525624925
0.270748617357267
0.269784445237833
0.268823001589589
0.267853742607625
0.266887256703665
0.265923535945486
0.264962572402013
0.263993387416525
0.263027006918826
0.262063422707461
0.261102626583621
0.260133158946649
0.259166529664145
0.258202730249592
0.257241752220691
0.256271601281165
0.255304325374055
0.254339915709475
0.253378363503418
0.252407075776969
0.251438702999139
0.250473236055376
0.249510665838761
0.248537723965772
0.247567740714801
0.246600706621660
0.245636612231666
0.244661420919723
0.243689236297717
0.242720048522315
0.241753847761706
0.240775715520495
0.239800643224374
0.238828620615670
0.237859637450408
0.236877751922283
0.235898985785325
0.234923328325041
0.233950768843026
0.232964163832262
0.231980745139442
0.231000501541338
0.230023421833450
0.229030930980677
0.228041702548374
0.227055724740107
0.226072985781132
0.225073177111162
0.224076718416366
0.223083597245567
0.222093801172647
0.221101687444295
0.220112911811025
0.219127461711145
0.218145324610030
0.217168865577017
0.216195678605536
0.215225751334643
0.214259071431492
0.213297710928501
0.212339559286562
0.211384604338202
0.210432833944959
0.209486036288182
0.208542387016005
0.207601874147067
0.206664485729834
0.205731746425623
0.204802097572185
0.203875527367321
0.202952024039385
0.202032867630554
0.201116746113543
0.200203647858752
0.199293561267785
0.198387539287473
0.197484498860044
0.196584428522311
0.195687316842865
0.194794005298865
0.193903624049908
0.193016161793360
0.192131607258880
0.191250605166170
0.190372484061848
0.189497232798295
0.188624840260654
0.187755767765196
0.186889528784409
0.186026112320455
0.185165507408668
0.184308004144539
0.183453288646176
0.182601350060555
0.181752177568191
0.180905901302566
0.180062368678713
0.179221568983717
0.178383491538519
0.177548116923846
0.176715443359499
0.175885460268195
0.175058157106801
0.174233374524981
0.173411251849148
0.172591778633408
0.171774944466277
0.170960458633937
0.170148592933383
0.169339337046069
0.168532680688080
0.167728210004459
0.166926320975288
0.166127003405516
0.165330247134925
0.164535522597949
0.163743342468144
0.162953696670287
0.162166575164157
0.161381339750688
0.160598612663874
0.159818383944817
0.159040643669779
0.158264650963873
0.157491131615881
0.156720075779877
0.155951473645227
0.155184487836998
0.154419941474318
0.153657824821033
0.152898128176392
0.152139923246772
0.151384124856098
0.150630723374923
0.149879709209308
0.149130067698061
0.148382800781724
0.147637898934610
0.146895352666625
0.146154066238450
0.145415123376581
0.144678514656280
0.143944230688475
0.143211098384121
0.142480279496462
0.141751764698989
0.141025544700917
0.140300373418690
0.139577486242730
0.138856873942154
0.138138527321847
0.137421130877300
0.136705990033572
0.135993095652889
0.135282438633290
0.134572637548585
0.133865064331045
0.133159709933587
0.132456565344971
0.131754186344742
0.131054008219508
0.130356022010541
0.129660218794980
0.128965094717640
0.128272145234585
0.127581361473193
0.126892734596725
0.126207950157499
0.125525294494942
0.124844758944120
0.124166334875317
0.123494768435120
0.122825266993252
0.122157822203784
0.121492425754718
0.120833396966956
0.120176373586254
0.119521347561629
0.118868310874833
0.118221205042193
0.117576048750737
0.116932834223270
0.116291553714224
0.115655819862201
0.115021982975908
0.114390035533475
0.113759970043628
0.113135111051912
0.112512099377876
0.111890927738738
0.111271588881348
0.110657153957748
0.110044519322973
0.109433677918960
0.108824622716366
0.108220201347870
0.107617535594070
0.107016618608837
0.106417443573905
0.105822660145850
0.105229589786621
0.104638225850581
0.104048561719147
0.103463070938884
0.102879252615212
0.102297100292687
0.101716607542154
0.101140091468331
0.100565208999369
0.0999919538607336
0.0994203198034400
0.0988524840940943
0.0982862447503373
0.0977215956701032
0.0971585307761789
0.0965991025549389
0.0960412349395608
0.0954849219927734
0.0949301578014874
0.0943788833953242
0.0938291351972627
0.0932809074278154
0.0927341943310338
0.0921908372207906
0.0916489731789201
0.0911085965772912
0.0905697018106940
0.0900340409574121
0.0894998411980236
0.0889670970498435
0.0884358030525119
0.0879076318896531
0.0873808909258786
0.0868555748185103
0.0863316782466215
0.0858108025202921
0.0852913271055083
0.0847732467945567
0.0842565564009197
0.0837427942630780
0.0832304034848731
0.0827193789889030
0.0822097157184234
0.0817028955950105
0.0811974187558659
0.0806932802495622
0.0801904751448094
0.0796904361399387
0.0791917131602538
0.0786943013762885
0.0781981959782083
0.0777047858019378
0.0772126651596419
0.0767218293400576
0.0762322736510617
0.0757453487341906
0.0752596875796872
0.0747752855909866
0.0742921381901851
0.0738115630517101
0.0733322265793521
0.0728541242879700
0.0723772517106180
0.0719028980956631
0.0714297586867790
0.0709578291071755
0.0704871049978035
0.0700188519431215
0.0695517892317649
0.0690859125924211
0.0686212177710753
0.0681589505980140
0.0676978504696089
0.0672379132173199
0.0667791346894712
0.0663227450437670
0.0658674996751812
0.0654133945154065
0.0649604255125761
0.0645098106671012
0.0640603178333567
0.0636119430408722
0.0631646823352031
0.0627197452519162
0.0622759083882491
0.0618331678693151
0.0613915198358472
0.0609521686526457
0.0605138963443105
0.0600766991294117
0.0596405732417407
0.0592067212695869
0.0587739272493762
0.0583421874911316
0.0579114983197069
0.0574830635434177
0.0570556661952569
0.0566293026748054
0.0562039693960910
0.0557808744957497
0.0553587968763449
0.0549377330252256
0.0545176794438117
0.0540998514947827
0.0536830210354172
0.0532671846391399
0.0528523388930755
0.0524397093192944
0.0520280577796655
0.0516173809320886
0.0512076754477996
0.0508001798265040
0.0503936431007014
0.0499880620112524
0.0495834333119952
0.0491810113092488
0.0487795293618967
0.0483789842923274
0.0479793729355543
0.0475819682967144
0.0471854851538019
0.0467899204093803
0.0463952709782898
0.0460028314203360
0.0456112950623721
0.0452206588858570
0.0448309198841835
0.0444433969951762
0.0440567592574350
0.0436710037301045
0.0432861274839248
0.0429034763552482
0.0425216925620065
0.0421407732398787
0.0417607155358054
0.0413828958397115
0.0410059258772414
0.0406298028595373
0.0402545240086735
0.0398814987623878
0.0395093058490209
0.0391379425541574
0.0387674061739879
0.0383991423939180
0.0380316937316603
0.0376650575462816
0.0372992312071327
0.0369356998440779
0.0365729665545036
0.0362110287700557
0.0358498839323465
0.0354910600235567
0.0351330172996140
0.0347757532638980
0.0344192654294392
0.0340651279993380
0.0337117550069481
0.0333591440265880
0.0330072926419153
0.0326578250515483
0.0323091052780116
0.0319611309658226
0.0316138997685297
0.0312690898229946
0.0309250111844884
0.0305816615670404
0.0302390386934054
0.0298988785053506
0.0295594332115631
0.0292207005949431
0.0288826784468134
0.0285471651409601
0.0282123503972498
0.0278782320668671
0.0275448080091189
0.0272139437645126
0.0268837618146871
0.0265542600785752
0.0262254364829343
0.0258992285460793
0.0255736866862202
0.0252488088895466
0.0249245931497773
0.0246030550922724
0.0242821669240739
0.0239619266981982
0.0236423324748975
0.0233254833406263
0.0230092679230224
0.0226936843415373
0.0223787307225669
0.0220665968270021
0.0217550804692990
0.0214441798350153
0.0211338931163638
0.0208265078247678
0.0205197238670135
0.0202135394944851
0.0199079529649343
0.0196053577958947
0.0193033477094907
0.0190019210227106
0.0187010760586249
0.0184033212061192
0.0181061351155137
0.0178095161692330
0.0175134627554996
0.0172206086316988
0.0169283068531977
0.0166365558677551
0.0163453541286443
0.0160574722023336
0.0157701260816457
0.0154833142796331
0.0151970353145816
0.0149142099896449
0.0146319037760446
0.0143501152521592
0.0140688430013204
0.0137911732708994
0.0135140057685566
0.0132373391381040
0.0129611720280273
0.0126887737821718
0.0124168606533476
0.0121454313509886
0.0118744845889243
0.0116074939690964
0.0113409710814950
0.0110749147014616
0.0108093236084556
0.0105479004430583
0.0102869272993354
0.0100264030189244
0.00976632644730398
0.00951065908016801
0.00925542363732458
0.00900061902721424
0.00874624416184220
0.00849655643838015
0.00824728208002570
0.00799842006267349
0.00774996936550694
0.00750652847397711
0.00726348183841880
0.00702082850299159
0.00677856751486793
0.00654169675310063
0.00630520047576132
0.00606907779628908
0.00583332783086002
0.00560342357287254
0.00537387322297433
0.00514467596514830
0.00491583098583827
0.00469338734833522
0.00447127605322572
0.00424949635661252
0.00402804751678257
0.00381369682548258
0.00359965566630034
0.00338592336946138
0.00317249926709778
0.00296707594685274
0.00276193774346149
0.00255708406385649
0.00235251431659767
0.00215717166536713
0.00196208756003601
0.00176726148769625
0.00157269293678583
0.00138913164760654
0.00120579927234104
0.00102269538306521
0.000839819552915910
0.000670835559456912
0.000502046059586357
0.000333450717718944
0.000165049199039274
0.000123860954158546
8.26842957001391e-05
4.15192187757818e-05
3.65718499948368e-07