1.00000000000000e-08
1.00933063680985e-08
1.01866127361970e-08
1.02799191042954e-08
1.03732254723939e-08
1.04665318404924e-08
1.05598382085909e-08
1.06531445766893e-08
1.07464509447878e-08
1.08964305039853e-08
1.10464100631827e-08
1.11963896223802e-08
1.13463691815777e-08
1.15053006885216e-08
1.16642321954655e-08
1.18231637024094e-08
1.19820952093533e-08
1.21535999617735e-08
1.23251047141938e-08
1.24966094666140e-08
1.26681142190342e-08
1.28533169790480e-08
1.30385197390618e-08
1.32237224990756e-08
1.34089252590894e-08
1.36092447397014e-08
1.38095642203135e-08
1.40098837009255e-08
1.42102031815375e-08
1.44272295230392e-08
1.46442558645410e-08
1.48612822060427e-08
1.50783085475444e-08
1.53138381278786e-08
1.55493677082127e-08
1.57848972885469e-08
1.60204268688811e-08
1.62764936367762e-08
1.65325604046712e-08
1.67886271725663e-08
1.70446939404614e-08
1.73236069161862e-08
1.76025198919109e-08
1.78814328676356e-08
1.81603458433604e-08
1.84647334907187e-08
1.87691211380770e-08
1.90735087854353e-08
1.93778964327936e-08
1.97107593861649e-08
2.00436223395362e-08
2.03764852929075e-08
2.07093482462788e-08
2.10741221961602e-08
2.14388961460416e-08
2.18036700959230e-08
2.21684440458044e-08
2.25690750312834e-08
2.29697060167623e-08
2.33703370022412e-08
2.37709679877201e-08
2.42120029071245e-08
2.46530378265288e-08
2.50940727459331e-08
2.55351076653375e-08
2.60218035412348e-08
2.65084994171320e-08
2.69951952930293e-08
2.74818911689265e-08
2.80203476329155e-08
2.85588040969045e-08
2.90972605608935e-08
2.96357170248824e-08
3.02330376983453e-08
3.08303583718082e-08
3.14276790452712e-08
3.20249997187341e-08
3.26894897399884e-08
3.33539797612428e-08
3.40184697824971e-08
3.46829598037515e-08
3.54243688193148e-08
3.61657778348781e-08
3.69071868504414e-08
3.76485958660047e-08
3.84784185325784e-08
3.93082411991520e-08
4.01380638657256e-08
4.09678865322993e-08
4.18997362142829e-08
4.28315858962665e-08
4.37634355782501e-08
4.46952852602337e-08
4.57453614621732e-08
4.67954376641126e-08
4.78455138660520e-08
4.88955900679915e-08
5.00832667182552e-08
5.12709433685189e-08
5.24586200187826e-08
5.36462966690463e-08
5.49948672920490e-08
5.63434379150517e-08
5.76920085380544e-08
5.90405791610572e-08
6.05782072473544e-08
6.21158353336517e-08
6.36534634199489e-08
6.51910915062462e-08
6.69520313245309e-08
6.87129711428157e-08
7.04739109611005e-08
7.22348507793853e-08
7.42610275759033e-08
7.62872043724213e-08
7.83133811689393e-08
8.03395579654573e-08
8.26826299039954e-08
8.50257018425336e-08
8.73687737810718e-08
8.97118457196100e-08
9.24359175074122e-08
9.51599892952144e-08
9.78840610830166e-08
1.00608132870819e-07
1.03793359651108e-07
1.06978586431397e-07
1.10163813211687e-07
1.13349039991976e-07
1.17096459976198e-07
1.20843879960419e-07
1.24591299944641e-07
1.28338719928863e-07
1.32776801810198e-07
1.37214883691534e-07
1.41652965572869e-07
1.46091047454204e-07
1.51384659094964e-07
1.56678270735724e-07
1.61971882376484e-07
1.67265494017244e-07
1.73628333418435e-07
1.79991172819626e-07
1.86354012220816e-07
1.92716851622007e-07
2.00428894756807e-07
2.08140937891606e-07
2.15852981026406e-07
2.23565024161205e-07
2.32997349398387e-07
2.42429674635569e-07
2.51861999872751e-07
2.61294325109933e-07
2.72944951228447e-07
2.84595577346960e-07
2.96246203465474e-07
3.07896829583988e-07
3.22443275441518e-07
3.36989721299048e-07
3.51536167156578e-07
3.66082613014109e-07
3.84460306068040e-07
4.02837999121972e-07
4.21215692175904e-07
4.39593385229835e-07
4.63114814974185e-07
4.86636244718535e-07
5.10157674462885e-07
5.33679104207235e-07
5.64218584520269e-07
5.94758064833302e-07
6.25297545146336e-07
6.55837025459370e-07
6.96123540679539e-07
7.36410055899708e-07
7.76696571119877e-07
8.16983086340046e-07
8.71075804081321e-07
9.25168521822596e-07
9.79261239563871e-07
1.03335395730515e-06
1.10743504944013e-06
1.18151614157512e-06
1.25559723371011e-06
1.32967832584510e-06
1.43341406021634e-06
1.53714979458758e-06
1.64088552895882e-06
1.74462126333006e-06
1.89357586766881e-06
2.04253047200755e-06
2.19148507634630e-06
2.34043968068505e-06
2.56051310235860e-06
2.78058652403216e-06
3.00065994570572e-06
3.22073336737928e-06
3.55665753884796e-06
3.89258171031665e-06
4.22850588178533e-06
4.56443005325401e-06
5.09678957051356e-06
5.62914908777311e-06
6.16150860503266e-06
6.69386812229221e-06
7.57498929071024e-06
8.45611045912827e-06
9.33723162754629e-06
1.02183527959643e-05
1.17524670570173e-05
1.32865813180703e-05
1.48206955791232e-05
1.63548098401762e-05
1.91879433886330e-05
2.20210769370897e-05
2.48542104855465e-05
2.76873440340033e-05
3.32596471016663e-05
3.88319501693292e-05
4.44042532369922e-05
4.99765563046552e-05
6.09724838675763e-05
7.19684114304975e-05
8.29643389934186e-05
9.39602665563398e-05
0.000111061780344130
0.000128163294131920
0.000145264807919710
0.000162366321707500
0.000183381863738697
0.000204397405769895
0.000225412947801092
0.000246428489832290
0.000270567768590314
0.000294707047348339
0.000318846326106363
0.000342985604864387
0.000370950386980978
0.000398915169097568
0.000426879951214158
0.000454844733330749
0.000487813821222107
0.000520782909113465
0.000553751997004823
0.000586721084896180
0.000625049778637104
0.000663378472378027
0.000701707166118951
0.000740035859859874
0.000784028171125334
0.000828020482390794
0.000872012793656253
0.000916005104921713
0.000965951678952948
0.00101589825298418
0.00106584482701542
0.00111579140104665
0.00117197116642232
0.00122815093179798
0.00128433069717364
0.00134051046254931
0.00140319327231082
0.00146587608207234
0.00152855889183385
0.00159124170159537
0.00166068522300775
0.00173012874442013
0.00179957226583251
0.00186901578724489
0.00194547299408915
0.00202193020093340
0.00209838740777766
0.00217484461462191
0.00225855772671694
0.00234227083881197
0.00242598395090700
0.00250969706300203
0.00260090392116345
0.00269211077932487
0.00278331763748629
0.00287452449564771
0.00297345487357050
0.00307238525149329
0.00317131562941608
0.00327024600733887
0.00337712374011837
0.00348400147289787
0.00359087920567737
0.00369775693845686
0.00381280086847250
0.00392784479848814
0.00404288872850378
0.00415793265851942
0.00428135641082173
0.00440478016312405
0.00452820391542637
0.00465162766772868
0.00478363925366003
0.00491565083959137
0.00504766242552272
0.00517967401145406
0.00532047877043095
0.00546128352940783
0.00560208828838472
0.00574289304736161
0.00589269030063687
0.00604248755391212
0.00619228480718738
0.00634208206046264
0.00650106839451320
0.00666005472856377
0.00681904106261433
0.00697802739666490
0.00714639630362213
0.00731476521057935
0.00748313411753658
0.00765150302449381
0.00782944300979169
0.00800738299508957
0.00818532298038745
0.00836326296568533
0.00855096013605228
0.00873865730641922
0.00892635447678617
0.00911405164715311
0.00931168985254590
0.00950932805793869
0.00970696626333148
0.00990460446872428
0.0101123635205706
0.0103201225724170
0.0105278816242633
0.0107356406761096
0.0109536982107044
0.0111717557452991
0.0113898132798938
0.0116078708144886
0.0118364018345879
0.0120649328546873
0.0122934638747866
0.0125219948948860
0.0127611728597059
0.0130003508245259
0.0132395287893459
0.0134787067541659
0.0137287021829958
0.0139786976118257
0.0142286930406556
0.0144786884694855
0.0147396701505693
0.0150006518316531
0.0152616335127369
0.0155226151938208
0.0157947504788173
0.0160668857638137
0.0163390210488102
0.0166111563338067
0.0168946099766174
0.0171780636194281
0.0174615172622387
0.0177449709050494
0.0180399077126089
0.0183348445201683
0.0186297813277278
0.0189247181352872
0.0192313000051621
0.0195378818750371
0.0198444637449120
0.0201510456147869
0.0204694332062392
0.0207878207976914
0.0211062083891437
0.0214245959805959
0.0217549507040574
0.0220853054275189
0.0224156601509803
0.0227460148744418
0.0230884958095592
0.0234309767446767
0.0237734576797941
0.0241159386149115
0.0244707026767727
0.0248254667386338
0.0251802308004950
0.0255349948623561
0.0259022011029416
0.0262694073435271
0.0266366135841126
0.0270038198246981
0.0273836253409480
0.0277634308571978
0.0281432363734476
0.0285230418896975
0.0289156037908841
0.0293081656920706
0.0297007275932572
0.0300932894944438
0.0304987645567058
0.0309042396189677
0.0313097146812297
0.0317151897434916
0.0321337342081982
0.0325522786729049
0.0329708231376115
0.0333893676023181
0.0338211387012596
0.0342529098002011
0.0346846808991426
0.0351164519980841
0.0355616077466584
0.0360067634952328
0.0364519192438072
0.0368970749923815
0.0373557727284219
0.0378144704644622
0.0382731682005026
0.0387318659365429
0.0392042645346391
0.0396766631327353
0.0401490617308314
0.0406214603289276
0.0411077195435249
0.0415939787581222
0.0420802379727196
0.0425664971873169
0.0430667764408133
0.0435670556943096
0.0440673349478060
0.0445676142013023
0.0450820772935543
0.0455965403858062
0.0461110034780582
0.0466254665703101
0.0471542758735150
0.0476830851767199
0.0482118944799248
0.0487407037831297
0.0492840260111985
0.0498273482392673
0.0503706704673362
0.0509139926954050
0.0514719951266773
0.0520299975579495
0.0525879999892218
0.0531460024204940
0.0537188554470032
0.0542917084735124
0.0548645615000217
0.0554374145265309
0.0560252896332071
0.0566131647398833
0.0572010398465595
0.0577889149532357
0.0583919892134229
0.0589950634736102
0.0595981377337975
0.0602012119939848
0.0608196631882172
0.0614381143824496
0.0620565655766820
0.0626750167709145
0.0633090289728964
0.0639430411748783
0.0645770533768602
0.0652110655788421
0.0658608246018978
0.0665105836249535
0.0671603426480092
0.0678101016710648
0.0684757989058303
0.0691414961405957
0.0698071933753611
0.0704728906101265
0.0711547217117613
0.0718365528133962
0.0725183839150310
0.0732002150166658
0.0738983826433003
0.0745965502699349
0.0752947178965694
0.0759928855232039
0.0767075950515984
0.0774223045799929
0.0781370141083874
0.0788517236367819
0.0795831899602173
0.0803146562836527
0.0810461226070881
0.0817775889305235
0.0825260318957801
0.0832744748610367
0.0840229178262933
0.0847713607915500
0.0855370084948469
0.0863026561981439
0.0870683039014408
0.0878339516047377
0.0886170422840242
0.0894001329633106
0.0901832236425971
0.0909663143218835
0.0917670903957183
0.0925678664695532
0.0933686425433880
0.0941694186172228
0.0949881378852692
0.0958068571533155
0.0966255764213619
0.0974442956894082
0.0982812210935914
0.0991181464977747
0.0999550719019579
0.100791997306141
0.101647407838046
0.102502818369951
0.103358228901856
0.104213639433761
0.105087824982163
0.105962010530565
0.106836196078967
0.107710381627368
0.108603645891095
0.109496910154822
0.110390174418549
0.111283438682275
0.112196102602112
0.113108766521948
0.114021430441784
0.114934094361620
0.115866492376958
0.116798890392295
0.117731288407632
0.118663686422970
0.119616174333522
0.120568662244075
0.121521150154628
0.122473638065180
0.123446589752211
0.124419541439241
0.125392493126271
0.126365444813301
0.127359257320169
0.128353069827036
0.129346882333903
0.130340694840771
0.131355788449781
0.132370882058790
0.133385975667800
0.134401069276809
0.135437895708432
0.136474722140054
0.137511548571676
0.138548375003299
0.139607409268017
0.140666443532736
0.141725477797454
0.142784512062172
0.143866267592376
0.144948023122579
0.146029778652783
0.147111534182987
0.148216561406851
0.149321588630714
0.150426615854578
0.151531643078442
0.152660533094844
0.153789423111245
0.154918313127646
0.156047203144048
0.157200596041519
0.158353988938991
0.159507381836463
0.160660774733935
0.161839361171929
0.163017947609922
0.164196534047916
0.165375120485909
0.166579654423312
0.167784188360715
0.168988722298117
0.170193256235520
0.171424558589198
0.172655860942877
0.173887163296555
0.175118465650234
0.176377439922874
0.177636414195514
0.178895388468155
0.180154362740795
0.181442002053558
0.182729641366321
0.184017280679084
0.185304919991848
0.186622323096378
0.187939726200908
0.189257129305438
0.190574532409968
0.191922926335277
0.193271320260585
0.194619714185894
0.195968108111203
0.197348862388155
0.198729616665106
0.200110370942057
0.201491125219009
0.202905791994952
0.204320458770896
0.205735125546839
0.207149792322782
0.208600132936447
0.210050473550111
0.211500814163775
0.212951154777439
0.214439191977077
0.215927229176715
0.217415266376353
0.218903303575991
0.220431383511287
0.221959463446584
0.223487543381880
0.225015623317177
0.226586498217829
0.228157373118480
0.229728248019132
0.231299122919784
0.232916063125729
0.234533003331674
0.236149943537619
0.237766883743565
0.239433852624804
0.241100821506043
0.242767790387282
0.244434759268521
0.246156637024168
0.247878514779815
0.249600392535462
0.251322270291109
0.253105229516328
0.254888188741547
0.256671147966766
0.258454107191985
0.260306193049646
0.262158278907308
0.264010364764969
0.265862450622631
0.267794565029501
0.269726679436371
0.271658793843241
0.273590908250112
0.275618647257451
0.277646386264790
0.279674125272129
0.281701864279468
0.283849300108171
0.285996735936874
0.288144171765577
0.290291607594280
0.292600508937825
0.294909410281371
0.297218311624916
0.299527212968461
0.302086863779795
0.304646514591129
0.307206165402463
0.309765816213797
0.312893112195463
0.316020408177128
0.319147704158793
0.322275000140458
0.324938922069962
0.327602843999466
0.330266765928970
0.332930687858474
0.335594609787978
0.338258531717482
0.340922453646986
0.343586375576490
0.346095254906240
0.348604134235990
0.351113013565740
0.353621892895490
0.356012823337070
0.358403753778650
0.360794684220231
0.363185614661811
0.365501719932884
0.367817825203957
0.370133930475030
0.372450035746104
0.374713911967616
0.376977788189129
0.379241664410642
0.381505540632154
0.383730897207106
0.385956253782057
0.388181610357008
0.390406966931960
0.392602929788089
0.394798892644217
0.396994855500346
0.399190818356475
0.401363858592218
0.403536898827962
0.405709939063705
0.407882979299449
0.410037893352464
0.412192807405478
0.414347721458493
0.416502635511507
0.418643103796797
0.420783572082087
0.422924040367376
0.425064508652666
0.427193434770510
0.429322360888353
0.431451287006196
0.433580213124040
0.435699936278112
0.437819659432184
0.439939382586256
0.442059105740328
0.444171546418115
0.446283987095901
0.448396427773688
0.450508868451475
0.452615624889029
0.454722381326584
0.456829137764138
0.458935894201692
0.461038319062598
0.463140743923504
0.465243168784410
0.467345593645316
0.469444846217012
0.471544098788707
0.473643351360403
0.475742603932098
0.477839679339539
0.479936754746980
0.482033830154421
0.484130905561862
0.486226671279673
0.488322436997485
0.490418202715297
0.492513968433109
0.494609190518004
0.496704412602900
0.498799634687795
0.500894856772691
0.502990210109521
0.505085563446351
0.507180916783181
0.509276270120012
0.511372357185070
0.513468444250128
0.515564531315186
0.517660618380245
0.519757979843106
0.521855341305967
0.523952702768829
0.526050064231690
0.528149187445859
0.530248310660029
0.532347433874198
0.534446557088368
0.536547883492328
0.538649209896288
0.540750536300249
0.542851862704209
0.544955795248873
0.547059727793538
0.549163660338202
0.551267592882866
0.553374504837162
0.555481416791458
0.557588328745754
0.559695240700050
0.561805468180801
0.563915695661553
0.566025923142304
0.568136150623055
0.570250009999563
0.572363869376071
0.574477728752580
0.576591588129088
0.578709371572910
0.580827155016733
0.582944938460555
0.585062721904378
0.587184702550612
0.589306683196845
0.591428663843079
0.593550644489313
0.595677078544899
0.597803512600486
0.599929946656073
0.602056380711660
0.604187507569322
0.606318634426984
0.608449761284645
0.610580888142307
0.612716935404690
0.614852982667072
0.616989029929455
0.619125077191837
0.621266257331880
0.623407437471923
0.625548617611966
0.627689797752009
0.629836315645500
0.631982833538990
0.634129351432480
0.636275869325970
0.638427920480336
0.640579971634702
0.642732022789068
0.644884073943433
0.647041844093003
0.649199614242573
0.651357384392143
0.653515154541712
0.655678822025508
0.657842489509305
0.660006156993101
0.662169824476897
0.664339560279746
0.666509296082595
0.668679031885444
0.670848767688293
0.673024738348184
0.675200709008074
0.677376679667964
0.679552650327855
0.681735016503268
0.683917382678681
0.686099748854094
0.688282115029508
0.690471032139831
0.692659949250154
0.694848866360477
0.697037783470800
0.699233402587289
0.701429021703778
0.703624640820267
0.705820259936755
0.708022730249042
0.710225200561329
0.712427670873616
0.714630141185903
0.716839605363176
0.719049069540448
0.721258533717721
0.723467997894993
0.725684598127021
0.727901198359048
0.730117798591076
0.732334398823104
0.734558275460009
0.736782152096915
0.739006028733820
0.741229905370726
0.743461194392961
0.745692483415197
0.747923772437433
0.750155061459668
0.752393898801310
0.754632736142951
0.756871573484592
0.759110410826234
0.761356929480671
0.763603448135108
0.765849966789545
0.768096485443983
0.770350817561536
0.772605149679090
0.774859481796644
0.777113813914198
0.779376091288571
0.781638368662945
0.783900646037318
0.786162923411692
0.788433276477955
0.790703629544218
0.792973982610482
0.795244335676745
0.797522892625649
0.799801449574553
0.802080006523457
0.804358563472361
0.806645453589709
0.808932343707057
0.811219233824405
0.813506123941753
0.815801477941118
0.818096831940483
0.820392185939848
0.822687539939213
0.824991486518526
0.827295433097838
0.829599379677151
0.831903326256464
0.834215993030000
0.836528659803536
0.838841326577073
0.841153993350609
0.843475509232958
0.845797025115308
0.848118540997657
0.850440056880006
0.852770553220224
0.855101049560443
0.857431545900661
0.859762042240879
0.862101647225832
0.864441252210785
0.866780857195739
0.869120462180692
0.871469308255673
0.873818154330654
0.876167000405635
0.878515846480616
0.880874064528096
0.883232282575575
0.885590500623054
0.887948718670533
0.890316440322783
0.892684161975033
0.895051883627283
0.897419605279533
0.899796964095926
0.902174322912318
0.904551681728710
0.906929040545103
0.909316171045902
0.911703301546701
0.914090432047500
0.916477562548299
0.918874600556651
0.921271638565004
0.923668676573356
0.926065714581708
0.928472798141836
0.930879881701964
0.933286965262092
0.935694048822220
0.938111316132714
0.940528583443207
0.942945850753701
0.945363118064194
0.947790709622964
0.950218301181733
0.952645892740503
0.955073484299273
0.957511540934057
0.959949597568842
0.962387654203626
0.964825710838411
0.967274376972392
0.969723043106373
0.972171709240354
0.974620375374334
0.977079797454046
0.979539219533757
0.981998641613469
0.984458063693180
0.986928388223600
0.989398712754020
0.991869037284440
0.994339361814860
0.996820738206464
0.999302114598067
1.00178349098967
1.00426486738127
1.00675744892830
1.00925003047532
1.01174261202234
1.01423519356936
1.01673913407845
1.01924307458755
1.02174701509665
1.02425095560574
1.02676641109849
1.02928186659124
1.03179732208399
1.03431277757674
1.03683990811506
1.03936703865338
1.04189416919170
1.04442129973002
1.04696026681432
1.04949923389863
1.05203820098293
1.05457716806724
1.05712813652160
1.05967910497596
1.06223007343033
1.06478104188469
1.06734417933441
1.06990731678413
1.07247045423385
1.07503359168357
1.07760906873504
1.08018454578652
1.08276002283800
1.08533549988948
1.08792348923240
1.09051147857532
1.09309946791824
1.09568745726116
1.09828813596255
1.10088881466393
1.10348949336532
1.10609017206671
1.10870372000156
1.11131726793641
1.11393081587126
1.11654436380611
1.11917096535621
1.12179756690631
1.12442416845641
1.12705077000651
1.12969061241147
1.13233045481643
1.13497029722140
1.13761013962636
1.14026341296938
1.14291668631239
1.14556995965540
1.14822323299841
1.15089013204067
1.15355703108294
1.15622393012521
1.15889082916747
1.16157155250342
1.16425227583936
1.16693299917531
1.16961372251125
1.17230847323854
1.17500322396582
1.17769797469310
1.18039272542038
1.18310171041385
1.18581069540732
1.18851968040079
1.19122866539426
1.19395209581198
1.19667552622970
1.19939895664742
1.20212238706515
1.20486047797290
1.20759856888066
1.21033665978842
1.21307475069617
1.21582772324158
1.21858069578699
1.22133366833240
1.22408664087781
1.22685472158162
1.22962280228542
1.23239088298922
1.23515896369303
1.23794238215911
1.24072580062518
1.24350921909126
1.24629263755734
1.24909162949826
1.25189062143918
1.25468961338010
1.25748860532103
1.26030341194559
1.26311821857015
1.26593302519471
1.26874783181927
1.27157870030664
1.27440956879400
1.27724043728137
1.28007130576874
1.28291848916295
1.28576567255716
1.28861285595137
1.29146003934558
1.29432379608809
1.29718755283059
1.30005130957309
1.30291506631559
1.30579566010097
1.30867625388635
1.31155684767174
1.31443744145712
1.31733514534202
1.32023284922693
1.32313055311184
1.32602825699675
1.32894334862588
1.33185844025500
1.33477353188413
1.33768862351326
1.34062138798189
1.34355415245053
1.34648691691917
1.34941968138780
1.35237040967025
1.35532113795271
1.35827186623516
1.36122259451761
1.36419158802136
1.36716058152510
1.37012957502885
1.37309856853260
1.37608613466299
1.37907370079339
1.38206126692379
1.38504883305418
1.38805528630247
1.39106173955075
1.39406819279904
1.39707464604732
1.40010031121890
1.40312597639048
1.40615164156205
1.40917730673363
1.41222251609817
1.41526772546272
1.41831293482726
1.42135814419180
1.42442323940809
1.42748833462437
1.43055342984065
1.43361852505693
1.43670385787155
1.43978919068616
1.44287452350078
1.44595985631539
1.44906578689605
1.45217171747672
1.45527764805738
1.45838357863805
1.46151047868047
1.46463737872289
1.46776427876531
1.47089117880773
1.47403942995441
1.47718768110108
1.48033593224776
1.48348418339444
1.48665417794862
1.48982417250279
1.49299416705697
1.49616416161115
1.49935630377442
1.50254844593770
1.50574058810097
1.50893273026425
1.51214747202956
1.51536221379487
1.51857695556018
1.52179169732549
1.52502950048184
1.52826730363818
1.53150510679453
1.53474290995087
1.53800421964426
1.54126552933764
1.54452683903102
1.54778814872440
1.55107342167632
1.55435869462823
1.55764396758014
1.56092924053206
1.56423894844513
1.56754865635820
1.57085836427128
1.57416807218435
1.57750269994375
1.58083732770314
1.58417195546253
1.58750658322192
1.59086663466254
1.59422668610315
1.59758673754376
1.60094678898437
1.60433278294479
1.60771877690521
1.61110477086563
1.61449076482605
1.61790323433603
1.62131570384600
1.62472817335598
1.62814064286596
1.63158014157428
1.63501964028260
1.63845913899092
1.64189863769924
1.64536573978831
1.64883284187738
1.65229994396645
1.65576704605552
1.65926234094398
1.66275763583244
1.66625293072090
1.66974822560936
1.67327232746410
1.67679642931884
1.68032053117359
1.68384463302833
1.68739817490221
1.69095171677609
1.69450525864997
1.69805880052385
1.70164244043435
1.70522608034484
1.70880972025533
1.71239336016583
1.71600777821057
1.71962219625532
1.72323661430007
1.72685103234482
1.73049693406156
1.73414283577829
1.73778873749503
1.74143463921177
1.74511275967950
1.74879088014723
1.75246900061495
1.75614712108268
1.75985821952927
1.76356931797586
1.76728041642244
1.77099151486903
1.77473638110378
1.77848124733852
1.78222611357326
1.78597097980800
1.78975043512048
1.79352989043295
1.79730934574542
1.80108880105789
1.80490370018283
1.80871859930777
1.81253349843270
1.81634839755764
1.82019962997592
1.82405086239420
1.82790209481248
1.83175332723076
1.83564181938376
1.83953031153676
1.84341880368976
1.84730729584276
1.85123401200710
1.85516072817143
1.85908744433576
1.86301416050010
1.86698010802903
1.87094605555795
1.87491200308688
1.87887795061581
1.88288417731333
1.88689040401085
1.89089663070838
1.89490285740590
1.89895046199010
1.90299806657431
1.90704567115851
1.91109327574271
1.91518340392338
1.91927353210406
1.92336366028474
1.92745378846541
1.93158763903853
1.93572148961166
1.93985534018478
1.94398919075790
1.94816801871438
1.95234684667086
1.95652567462734
1.96070450258383
1.96492962413811
1.96915474569239
1.97337986724667
1.97760498880095
1.98187778061132
1.98615057242170
1.99042336423208
1.99469615604246
1.99901806852841
2.00333998101436
2.00766189350031
2.01198380598626
2.01635635634603
2.02072890670580
2.02510145706556
2.02947400742533
2.03389879760338
2.03832358778142
2.04274837795946
2.04717316813751
2.05165187757630
2.05613058701509
2.06060929645389
2.06508800589268
2.06962240882750
2.07415681176232
2.07869121469715
2.08322561763197
2.08781758043177
2.09240954323157
2.09700150603138
2.10159346883118
2.10624496638122
2.11089646393126
2.11554796148130
2.12019945903134
2.12491257631844
2.12962569360553
2.13433881089263
2.13905192817973
2.14382886983413
2.14860581148853
2.15338275314293
2.15815969479734
2.16300279873768
2.16784590267803
2.17268900661838
2.17753211055872
2.18242835982959
2.18732460910045
2.19222085837132
2.19711710764219
2.20201599361215
2.20691487958212
2.21181376555209
2.21671265152206
2.22161495776066
2.22651726399927
2.23141957023787
2.23632187647648
2.24122842305351
2.24613496963054
2.25104151620757
2.25594806278460
2.26085964560424
2.26577122842388
2.27068281124352
2.27559439406316
2.28051178750441
2.28542918094567
2.29034657438692
2.29526396782818
2.30018792700320
2.30511188617823
2.31003584535326
2.31495980452829
2.31989106662112
2.32482232871394
2.32975359080677
2.33468485289960
2.33962414102790
2.34456342915619
2.34950271728448
2.35444200541277
2.35939002831107
2.36433805120937
2.36928607410767
2.37423409700597
2.37919155221784
2.38414900742972
2.38910646264159
2.39406391785346
2.39903149227341
2.40399906669336
2.40896664111331
2.41393421553325
2.41891258748721
2.42389095944117
2.42886933139513
2.43384770334908
2.43883754369855
2.44382738404802
2.44881722439749
2.45380706474696
2.45880903850842
2.46381101226988
2.46881298603134
2.47381495979280
2.47882972685113
2.48384449390945
2.48885926096777
2.49387402802610
2.49890224469086
2.50393046135563
2.50895867802039
2.51398689468516
2.51902921493643
2.52407153518771
2.52911385543899
2.53415617569026
2.53921325264704
2.54427032960382
2.54932740656059
2.55438448351737
2.55945696892838
2.56452945433939
2.56960193975039
2.57467442516140
2.57976297260142
2.58485152004144
2.58994006748146
2.59502861492148
2.60013387985246
2.60523914478343
2.61034440971441
2.61544967464538
2.62057231544456
2.62569495624373
2.63081759704291
2.63594023784208
2.64108091703784
2.64622159623360
2.65136227542935
2.65650295462511
2.66166233980024
2.66682172497537
2.67198111015050
2.67714049532563
2.68231926108890
2.68749802685217
2.69267679261544
2.69785555837872
2.70305438586666
2.70825321335460
2.71345204084254
2.71865086833048
2.72387044756391
2.72909002679733
2.73430960603076
2.73952918526418
2.74477021577534
2.75001124628650
2.75525227679766
2.76049330730882
2.76575650059393
2.77101969387904
2.77628288716415
2.78154608044927
2.78683215843275
2.79211823641624
2.79740431439972
2.80269039238321
2.80800009245983
2.81330979253646
2.81861949261308
2.82392919268970
2.82926326602032
2.83459733935093
2.83993141268154
2.84526548601215
2.85062470019162
2.85598391437108
2.86134312855055
2.86670234273001
2.87208748388337
2.87747262503673
2.88285776619009
2.88824290734345
2.89365477993260
2.89906665252176
2.90447852511092
2.90989039770008
2.91532982899645
2.92076926029282
2.92620869158919
2.93164812288556
2.93711596241903
2.94258380195249
2.94805164148596
2.95351948101943
2.95901660375646
2.96451372649349
2.97001084923053
2.97550797196756
2.98103528040088
2.98656258883419
2.99208989726751
2.99761720570082
3.00317563153946
3.00873405737809
3.01429248321672
3.01985090905535
3.02544141626957
3.03103192348379
3.03662243069801
3.04221293791223
3.04783652628067
3.05346011464911
3.05908370301756
3.06470729138600
3.07036499699967
3.07602270261335
3.08168040822702
3.08733811384069
3.09303101574363
3.09872391764657
3.10441681954951
3.11010972145245
3.11583894298953
3.12156816452662
3.12729738606370
3.13302660760079
3.13879332082185
3.14456003404290
3.15032674726396
3.15609346048502
3.16189889145038
3.16770432241575
3.17350975338111
3.17931518434647
3.18516061688236
3.19100604941826
3.19685148195416
3.20269691449005
3.20858369626236
3.21447047803466
3.22035725980696
3.22624404157927
3.23217358956733
3.23810313755539
3.24403268554345
3.24996223353151
3.25593604293686
3.26190985234221
3.26788366174756
3.27385747115291
3.27987712164512
3.28589677213734
3.29191642262955
3.29793607312177
3.30400323684293
3.31007040056409
3.31613756428525
3.32220472800641
3.32832117989127
3.33443763177613
3.34055408366099
3.34667053554584
3.35283816683089
3.35900579811594
3.36517342940099
3.37134106068604
3.37756189060171
3.38378272051737
3.39000355043304
3.39622438034871
3.40250056881066
3.40877675727260
3.41505294573455
3.42132913419650
3.42766300398883
3.43399687378115
3.44033074357348
3.44666461336580
3.45305866656252
3.45945271975924
3.46584677295596
3.47224082615268
3.47869776911310
3.48515471207352
3.49161165503394
3.49806859799435
3.50459137081322
3.51111414363209
3.51763691645096
3.52415968926983
3.53075149729202
3.53734330531421
3.54393511333640
3.55052692135859
3.55719127560262
3.56385562984665
3.57051998409068
3.57718433833471
3.58392510435014
3.59066587036557
3.59740663638099
3.60414740239642
3.61096886069372
3.61779031899103
3.62461177728833
3.63143323558563
3.63834015119108
3.64524706679654
3.65215398240199
3.65906089800744
3.66605861203929
3.67305632607114
3.68005404010299
3.68705175413485
3.69414629822435
3.70124084231386
3.70833538640336
3.71542993049287
3.72262817202808
3.72982641356330
3.73702465509851
3.74422289663373
3.75153272654938
3.75884255646504
3.76615238638070
3.77346221629636
3.78089280000850
3.78832338372064
3.79575396743278
3.80318455114492
3.81074666316569
3.81830877518645
3.82587088720722
3.83343299922798
3.84113948889877
3.84884597856955
3.85655246824034
3.86425895791112
3.87212540475388
3.87999185159664
3.88785829843940
3.89572474528216
3.90363616561365
3.91154758594514
3.91945900627662
3.92737042660811
3.93526259794878
3.94315476928945
3.95104694063011
3.95893911197078
3.96681418064178
3.97468924931277
3.98256431798376
3.99043938665476
3.99829948475399
4.00615958285322
4.01401968095245
4.02187977905168
4.02972692834260
4.03757407763352
4.04542122692444
4.05326837621536
4.06110449435947
4.06894061250358
4.07677673064769
4.08461284879180
4.09243975566178
4.10026666253176
4.10809356940175
4.11592047627173
4.12373990535944
4.13155933444715
4.13937876353486
4.14719819262257
4.15501179447900
4.16282539633542
4.17063899819184
4.17845260004827
4.18626195006334
4.19407130007840
4.20188065009347
4.20969000010853
4.21749660514204
4.22530321017555
4.23310981520906
4.24091642024257
4.24872172344727
4.25652702665196
4.26433232985666
4.27213763306136
4.27994301838085
4.28774840370033
4.29555378901981
4.30335917433930
4.31116597076205
4.31897276718480
4.32677956360755
4.33458636003031
4.34239584872508
4.35020533741985
4.35801482611462
4.36582431480939
4.37363772982657
4.38145114484375
4.38926455986093
4.39707797487811
4.40489650836912
4.41271504186014
4.42053357535115
4.42835210884216
4.43617691225062
4.44400171565908
4.45182651906754
4.45965132247600
4.46748351560382
4.47531570873164
4.48314790185946
4.49098009498728
4.49882076189785
4.50666142880841
4.51450209571897
4.52234276262954
4.53019295582168
4.53804314901382
4.54589334220597
4.55374353539811
4.56160428482844
4.56946503425877
4.57732578368910
4.58518653311943
4.59305883692509
4.60093114073074
4.60880344453640
4.61667574834205
4.62456058790060
4.63244542745916
4.64033026701771
4.64821510657626
4.65611343851332
4.66401177045037
4.67191010238742
4.67980843432448
4.68772119770785
4.69563396109122
4.70354672447459
4.71145948785796
4.71938760388257
4.72731571990719
4.73524383593180
4.74317195195641
4.75111632701594
4.75906070207546
4.76700507713499
4.77494945219452
4.78291097650467
4.79087250081483
4.79883402512498
4.80679554943514
4.81473739263782
4.82267923584050
4.83062107904318
4.83856292224586
4.84644884581496
4.85433476938407
4.86222069295317
4.87010661652227
4.87794101546806
4.88577541441385
4.89360981335964
4.90144421230543
4.90923101358338
4.91701781486134
4.92480461613929
4.93259141741724
4.94033405984845
4.94807670227966
4.95581934471087
4.96356198714208
4.97126350072070
4.97896501429932
4.98666652787795
4.99436804145657
5.00203110569255
5.00969416992854
5.01735723416452
5.02502029840051
5.03264728827182
5.04027427814313
5.04790126801445
5.05552825788576
5.06312128626195
5.07071431463813
5.07830734301432
5.08590037139051
5.09346132551211
5.10102227963370
5.10858323375530
5.11614418787690
5.12367474861742
5.13120530935794
5.13873587009845
5.14626643083897
5.15376810469309
5.16126977854722
5.16877145240134
5.17627312625547
5.18374725879492
5.19122139133437
5.19869552387383
5.20616965641328
5.21361744918014
5.22106524194701
5.22851303471387
5.23596082748073
5.24338335380702
5.25080588013331
5.25822840645961
5.26565093278590
5.27304915008432
5.28044736738274
5.28784558468116
5.29524380197958
5.30261855607413
5.30999331016868
5.31736806426323
5.32474281835778
5.33209486485946
5.33944691136115
5.34679895786284
5.35415100436453
5.36148099968862
5.36881099501272
5.37614099033681
5.38347098566090
5.39077950996023
5.39808803425956
5.40539655855888
5.41270508285821
5.41999262778352
5.42728017270884
5.43456771763415
5.44185526255947
5.44912225505898
5.45638924755849
5.46365624005801
5.47092323255752
5.47817002789701
5.48541682323650
5.49266361857599
5.49991041391548
5.50713729975332
5.51436418559116
5.52159107142901
5.52881795726685
5.53602516172101
5.54323236617516
5.55043957062932
5.55764677508348
5.56483446126602
5.57202214744857
5.57920983363112
5.58639751981367
5.59356579688129
5.60073407394892
5.60790235101654
5.61507062808416
5.62221954674623
5.62936846540830
5.63651738407036
5.64366630273243
5.65079586233318
5.65792542193393
5.66505498153468
5.67218454113543
5.67929468518781
5.68640482924019
5.69351497329257
5.70062511734495
5.70771573824263
5.71480635914030
5.72189698003798
5.72898760093566
5.73605853677388
5.74312947261210
5.75020040845032
5.75727134428855
5.76432238381747
5.77137342334640
5.77842446287533
5.78547550240426
5.79250638175263
5.79953726110099
5.80656814044936
5.81359901979773
5.82060942453337
5.82761982926901
5.83463023400465
5.84164063874029
5.84863020188509
5.85561976502990
5.86260932817470
5.86959889131951
5.87656719391735
5.88353549651519
5.89050379911303
5.89747210171088
5.90441867129118
5.91136524087147
5.91831181045177
5.92525838003207
5.93218268814774
5.93910699626341
5.94603130437907
5.95295561249474
5.95985707397018
5.96675853544562
5.97365999692106
5.98056145839650
5.98743943052937
5.99431740266224
6.00119537479512
6.00807334692799
6.01492713355933
6.02178092019067
6.02863470682201
6.03548849345335
6.04231732322665
6.04914615299996
6.05597498277326
6.06280381254656
6.06960685833746
6.07640990412835
6.08321294991925
6.09001599571015
6.09679236043417
6.10356872515820
6.11034508988222
6.11712145460625
6.12387016974097
6.13061888487570
6.13736760001042
6.14411631514514
6.15083633524540
6.15755635534565
6.16427637544590
6.17099639554616
6.17768659736284
6.18437679917953
6.19106700099621
6.19775720281290
6.20441637595331
6.21107554909373
6.21773472223414
6.22439389537456
6.23102073728522
6.23764757919589
6.24427442110655
6.25090126301721
6.25749437860895
6.26408749420069
6.27068060979243
6.27727372538417
6.28383161035618
6.29038949532819
6.29694738030021
6.30350526527222
6.31002630184094
6.31654733840966
6.32306837497838
6.32958941154710
6.33607186475024
6.34255431795337
6.34903677115651
6.35551922435965
6.36196121343535
6.36840320251105
6.37484519158676
6.38128718066246
6.38768669192992
6.39408620319738
6.40048571446485
6.40688522573231
6.41324007232643
6.41959491892055
6.42594976551467
6.43230461210879
6.43861243357390
6.44492025503901
6.45122807650412
6.45753589796923
6.46379413274279
6.47005236751635
6.47631060228991
6.48256883706347
6.48877470616212
6.49498057526077
6.50118644435941
6.50739231345806
6.51354278237146
6.51969325128486
6.52584372019827
6.53199418911167
6.53808594334648
6.54417769758129
6.55026945181611
6.55636120605092
6.56239060393964
6.56842000182835
6.57444939971707
6.58047879760578
6.58644182647754
6.59240485534929
6.59836788422104
6.60433091309280
6.61022313013871
6.61611534718461
6.62200756423052
6.62789978127642
6.63371622993479
6.63953267859317
6.64534912725154
6.65116557590991
6.65690069800819
6.66263582010647
6.66837094220474
6.67410606430302
6.67975357907948
6.68540109385594
6.69104860863240
6.69669612340886
6.70224885520409
6.70780158699932
6.71335431879456
6.71890705058979
6.72435673255282
6.72980641451586
6.73525609647890
6.74070577844193
6.74604274017461
6.75137970190728
6.75671666363995
6.76205362537262
6.76726637684616
6.77247912831970
6.77769187979324
6.78290463126678
6.78797926028247
6.79305388929816
6.79812851831384
6.80320314732953
6.80812233911489
6.81304153090025
6.81796072268561
6.82287991447098
6.82762140590708
6.83236289734319
6.83710438877930
6.84184588021540
6.84637964940200
6.85091341858861
6.85544718777521
6.85998095696181
6.86426373959783
6.86854652223385
6.87282930486988
6.87711208750590
6.88107428373451
6.88503647996313
6.88899867619174
6.89296087242036
6.89393065431527
6.89490043621018
6.89587021810509
6.89684000000000