1.13e-08 9.6986e-09 8.3099e-09 7.8898e-09 7.5028e-09 7.093e-09 7.4328e-09 6.0545e-09 1.13e-08 5.1379e-09 4.9026e-09 1.13e-08 1.13e-08 1.13e-08 1.13e-08 1.13e-08 1.13e-08 1.13e-08 1.13e-08 0.016342 0.00057416 0.65934 6.3625e-08 0.0056442 1.9611e-05 1.0208e-10 7.5611e-11 5.6062e-11 4.127e-11 3.0072e-11 2.1685e-11 1.549e-11 1.0973e-11 7.7196e-12 5.3977e-12 3.7542e-12 2.5986e-12 1.7912e-12 1.2298e-12 5.045e-13 1.1893e-13 2.353e-14
0.00028109 0.070533 2.1351e-08 2.0269e-08 1.9216e-08 1.8248e-08 1.7633e-08 1.6489e-08 1.3942e-08 1.3188e-08 1.2582e-08 1.1118e-08 8.3432e-07 0.00028109 1.5955 0.046587 0.00028109 0.00028109 0.00028109 0.016561 0.0024609 0.46795 1.6512e-07 0.016344 6.6639e-05 2.6627e-10 1.9446e-10 1.4419e-10 1.0615e-10 7.7344e-11 5.5773e-11 3.9838e-11 2.8223e-11 1.9854e-11 1.3882e-11 9.6553e-12 6.6835e-12 4.6068e-12 3.1627e-12 1.2975e-12 3.0586e-13 6.0488e-14
6.9925 6.9925 6.9925 54.624 148.27 39.276 2.7247 3.9931e-08 3.5805e-08 3.3816e-08 3.2279e-08 2.8539e-08 0.61264 0.21404 6.9925 1.9695 0.0010643 6.9925 6.9925 0.063453 0.0026518 0.31941 4.2637e-07 0.009176 0.00018378 7.9057e-10 5.0022e-10 3.7082e-10 2.7301e-10 1.9893e-10 1.4345e-10 1.0246e-10 7.2587e-11 5.1063e-11 3.5704e-11 2.4833e-11 1.719e-11 1.1848e-11 8.1346e-12 3.3367e-12 7.8621e-13 1.556e-13
22.815 48.228 18.397 19.945 24.395 41.196 67.459 73.75 11.404 21.347 7.2817 7.347e-08 6.1202e-08 0.20613 5.0118e-06 1.9467 0.067448 3.7793 22.815 0.3203 0.01287 0.0072125 1.1264e-06 0.0097493 0.00049181 2.5866e-09 1.2873e-09 9.539e-10 7.0211e-10 5.1164e-10 3.6894e-10 2.6352e-10 1.8669e-10 1.3133e-10 9.1827e-11 6.3867e-11 4.421e-11 3.0472e-11 2.0921e-11 8.5822e-12 2.0222e-12 4.0016e-13
16.276 24.244 27.413 54.136 8.8452 174.17 79.335 40.881 8.0876 23.793 52.74 44.662 472.69 1.2957e-07 1.2029e-07 1.8246e-07 1.1301e-06 0.00028585 4.7725 16.276 0.097199 1.4986 2.9399e-06 2.8046e-07 16.276 1.007e-08 3.31e-09 2.4549e-09 1.8061e-09 1.3158e-09 9.489e-10 6.7778e-10 4.8015e-10 3.3777e-10 2.3617e-10 1.6426e-10 1.1371e-10 7.8371e-11 5.3806e-11 2.2072e-11 5.2011e-12 1.0286e-12
26.276 25.782 39.633 33.868 34.042 54.802 444.79 53.909 10.175 16.414 31.832 118.74 444.58 410.62 245 194.79 103.13 3.2302e-07 0.0009348 7.3675 0.22584 0.56928 7.364e-06 3.0897e-06 0.00086923 4.7683e-08 8.5126e-09 6.3122e-09 4.648e-09 3.3847e-09 2.4404e-09 1.7432e-09 1.235e-09 8.6874e-10 6.0743e-10 4.2247e-10 2.9244e-10 2.0157e-10 1.3839e-10 5.6769e-11 1.3378e-11 2.6459e-12
25.492 31.845 19.367 26.337 71.117 11.456 78.756 6.0624 11.971 9.8934 36.94 104.94 176.59 478.74 284.99 221.84 145.85 4.3122 0.18805 0.00034321 0.24077 0.28696 1.789e-05 1.8466e-06 0.0014368 2.5703e-07 2.1875e-08 1.6234e-08 1.1951e-08 8.7108e-09 6.2775e-09 4.4832e-09 3.176e-09 2.2344e-09 1.5623e-09 1.0866e-09 7.5214e-10 5.1841e-10 3.5591e-10 1.4601e-10 3.4406e-11 6.8046e-12
25.339 28.801 25.338 24.389 25.339 30.617 31.933 30.796 19.479 23.864 27.755 54.135 144.13 513.63 314.28 244.95 178.07 7.7904 0.34241 0.074034 0.013977 0.00017929 3.3787e-05 4.2403e-06 0.0028659 1.4355e-06 5.6065e-08 4.1705e-08 3.0737e-08 2.2398e-08 1.6155e-08 1.1532e-08 8.1684e-09 5.7466e-09 4.0167e-09 2.7946e-09 1.9344e-09 1.3333e-09 9.1539e-10 3.7551e-10 8.8492e-11 1.7502e-11
25.187 29.912 27.117 25.273 24.707 26.304 30.557 30.258 24.051 23.814 25.582 25.768 148.75 369.49 262.73 293.55 222.78 12.841 0.56981 0.11501 0.027826 0.00044347 8.9276e-05 6.3206e-06 0.0031779 7.7262e-06 1.426e-07 1.0691e-07 7.8945e-08 5.7604e-08 4.154e-08 2.9678e-08 2.1012e-08 1.4779e-08 1.0335e-08 7.1879e-09 4.9969e-09 3.4292e-09 2.3543e-09 9.6579e-10 2.2759e-10 4.5021e-11
25.995 27.456 29.162 26.874 25.308 25.159 26.473 32.717 26.338 23.817 25.094 25.901 125.58 269.5 250.09 209.29 205.92 27.924 1.6072 0.34122 0.05863 0.0010923 0.00022181 0.0080569 2.2578e-06 3.2874e-05 3.6337e-07 2.7173e-07 2.0239e-07 1.4792e-07 1.0684e-07 7.6314e-08 5.4074e-08 3.8017e-08 2.6578e-08 1.8485e-08 1.2797e-08 8.8172e-09 6.0586e-09 2.4839e-09 5.8536e-10 1.1577e-10
26.54 25.505 32.111 28.921 26.754 25.368 25.513 34.766 28.529 25.325 24.618 26.483 98.164 251.35 258.84 233.7 164.09 44.269 2.7867 0.54903 0.08282 0.0052727 0.00046297 0.0051817 0.0026236 1.413e-06 1.2145e-06 6.9221e-07 5.1423e-07 3.7928e-07 2.7429e-07 1.9627e-07 1.3905e-07 9.7834e-08 6.8367e-08 4.7542e-08 3.2911e-08 2.2684e-08 1.5576e-08 6.5608e-09 1.5055e-09 2.9779e-10
27.02 25.411 37.027 31.847 28.507 26.467 25.775 33.861 30.537 27.041 25.144 27.349 72.877 226.99 262.74 248.54 197.96 62.785 3.6979 0.91758 0.19474 0.012876 0.0007324 0.0026431 0.0037691 6.1383e-05 2.4384e-06 1.7856e-06 1.3102e-06 9.6325e-07 7.0337e-07 5.038e-07 3.5762e-07 2.5158e-07 1.7593e-07 1.2229e-07 8.4663e-08 5.8341e-08 4.0064e-08 1.6433e-08 3.8719e-09 7.6587e-10
27.513 25.933 36.395 34.727 30.893 27.857 26.64 31.399 32.642 28.934 26.409 28.625 53.138 206.93 252.69 256.93 226.07 82.991 7.1351 1.5259 0.28723 0.033935 0.0012709 0.0012461 0.0054508 0.00017784 8.6843e-06 5.0215e-06 3.3633e-06 2.4549e-06 1.7856e-06 1.2919e-06 9.1778e-07 6.4704e-07 4.5241e-07 3.147e-07 2.1772e-07 1.5008e-07 1.0302e-07 4.2266e-08 9.8208e-09 1.9697e-09
28.67 27.142 36.342 37.264 34.015 29.844 28.164 28.394 33.205 30.554 27.993 29.888 41.383 195.36 236.23 259.61 242.44 105.93 15.329 2.4795 0.42456 0.07501 0.0021326 0.005094 0.0067432 0.00036102 2.2976e-05 1.2827e-05 8.957e-06 6.295e-06 4.5517e-06 3.2788e-06 2.3519e-06 1.6602e-06 1.1636e-06 8.0927e-07 5.6026e-07 3.8595e-07 2.65e-07 1.0869e-07 2.5611e-08 5.0659e-09
30.42 30.42 34.281 39.268 37.434 32.932 30.407 26.875 34.066 31.873 29.491 29.948 38.756 186.97 224.41 252.12 256.17 131.41 31.117 4.1203 0.64685 0.14503 0.004271 0.0028017 0.040249 0.0056778 6.4753e-05 3.5252e-05 2.3582e-05 1.6536e-05 1.1826e-05 8.3596e-06 5.9715e-06 4.2516e-06 2.9851e-06 2.0814e-06 1.4408e-06 9.9316e-07 6.8148e-07 2.7954e-07 6.574e-08 1.2533e-08
34.206 34.206 33.19 39.801 41.678 38.258 35.202 28.134 33.967 33.986 31.645 29.178 41.469 177.34 224.76 249.58 270.07 161.81 54.476 7.1685 1.074 0.26449 0.011464 0.0031992 0.042218 0.010968 0.00019742 9.5304e-05 6.1852e-05 4.3205e-05 3.0861e-05 2.16e-05 1.5267e-05 1.0799e-05 7.6393e-06 5.3388e-06 3.7056e-06 2.554e-06 1.7536e-06 7.189e-07 1.694e-07 3.3845e-08
40.557 36.426 40.557 41.477 49.033 53.252 54.303 47.54 46.739 47.46 44.096 36.044 49.963 168.43 229.67 257.1 280.85 195.32 80.449 9.3435 1.9609 0.4541 0.036001 0.0048414 0.042022 0.01668 0.00057816 0.00024365 0.000161 0.00011162 7.9078e-05 5.5854e-05 3.9429e-05 2.7681e-05 1.9446e-05 1.3653e-05 9.5031e-06 6.5688e-06 4.5097e-06 1.8492e-06 4.3576e-07 8.663e-08
48.763 51.836 47.558 48.603 48.763 70.389 76.536 87.214 83.45 82.689 79.324 63.822 70.737 169.34 238.88 272.16 298.23 232.75 108.7 18.11 3.8522 0.77199 0.10568 0.0084197 0.039607 0.024187 0.0016504 0.0006231 0.00041269 0.00028649 0.00020266 0.00014318 0.00010094 7.0993e-05 4.9772e-05 3.4807e-05 2.4317e-05 1.6843e-05 1.1599e-05 4.7587e-06 1.1207e-06 2.2161e-07
68.566 84.816 90.492 89.08 68.566 105.76 109.75 118.89 120.47 121.32 121.26 107.53 119.81 195.76 261.59 297.78 325.52 275.85 139.01 36.037 7.6271 1.3535 0.26198 0.018111 0.036488 0.034861 0.0042794 0.0015851 0.0010597 0.00073447 0.00051951 0.00036732 0.00025877 0.00018175 0.00012726 8.8846e-05 6.1895e-05 4.3082e-05 2.9755e-05 1.2237e-05 2.8819e-06 5.7027e-07
113.29 118.92 135.81 145.5 144.59 148.77 151.31 149.56 153.07 159.62 163.76 161.95 205.61 259.86 113.29 340.98 366.09 323.68 175.74 65.455 15.282 2.6256 0.60207 0.049706 0.039531 0.051373 0.01 0.0040024 0.0027081 0.0018859 0.0013327 0.00094244 0.00066367 0.00046583 0.00032583 0.00022718 0.00015793 0.00010959 7.5981e-05 3.1485e-05 7.4141e-06 1.4663e-06
223.1 205.42 210.44 207.61 203.47 204.2 207.92 210.21 219.83 246.08 268.85 294.02 338.5 374.91 388.69 403.83 418.09 372.78 220.9 101.51 20.414 5.5736 1.3868 0.1528 0.059464 0.080724 0.022471 0.010025 0.0068728 0.0048203 0.003394 0.0024156 0.0017014 0.0011941 0.00083483 0.00058155 0.0004038 0.00027963 0.00019329 8.0768e-05 1.908e-05 3.7715e-06
439.37 417.54 404 391.29 390.54 381.83 400.08 439.37 421.66 485.78 613.32 1224.8 1452.5 1150.1 951.71 807.84 653.63 438.36 277.39 141.77 41.663 12.935 3.3162 0.47142 0.11522 0.13424 0.051524 0.025018 0.017211 0.012214 0.0086819 0.006146 0.0043527 0.0030575 0.0021383 0.0014892 0.0010334 0.00071482 0.0004932 0.00020662 4.9064e-05 9.6991e-06
3105.7 2992.8 2748 2776.2 2727.7 2648.7 2614.7 2449 2293.8 2276.2 2366.6 3105.7 4947.2 4190.6 3463.2 2794.9 1907.1 676.04 366.5 192.22 78.729 30.525 8.1882 1.4397 0.26915 0.24377 0.12517 0.061811 0.042424 0.030447 0.02186 0.01563 0.011042 0.0077992 0.0054639 0.0038091 0.0026438 0.0018283 0.0012603 0.00052492 0.00012617 2.4943e-05
8913.5 8690.7 9529.6 8320.3 8218.5 8132.9 8052.9 7687.6 7267.7 7022 6838.5 6870.6 7836.9 7280.4 6576.9 5784.4 4406.6 1406.8 530.81 262.19 124.25 48.088 20.064 4.3449 0.71224 0.46514 0.30391 0.14754 0.10269 0.074439 0.053911 0.038932 0.027816 0.019677 0.013868 0.0096983 0.0067454 0.0046695 0.0032199 0.0013378 0.00032418 6.4163e-05
13180 12976 12731 12126 12538 12429 12352 12007 11508 11157 10821 10023 9679.3 8985.8 8422.7 7798.2 6614.6 2626.2 853.78 378.56 181.87 83.98 42.229 12.022 2.1567 0.99731 0.73628 0.35955 0.24719 0.17948 0.13073 0.094878 0.068481 0.048961 0.034596 0.024432 0.017078 0.011865 0.0082002 0.0034114 0.00083061 0.0001651
14882 14728 14520 14442 14356 14261 14197 13901 13516 13217 12915 11975 10881 9894.1 9397.1 8900.5 8008.4 4410.3 1463.4 560.08 258.2 130.27 63.398 28.024 6.6035 2.4548 1.7788 0.95343 0.61526 0.43854 0.31678 0.22926 0.16548 0.11909 0.085131 0.060203 0.042564 0.029779 0.020698 0.0086736 0.0021102 0.0004244
15355 15196 15019 14949 14879 14795 14738 14499 14190 13853 13736 12966 11740 10531 10102 9584.5 8889.5 5642.9 2339.4 879.38 379.06 190.71 103.46 54.526 17.947 6.5139 4.2035 2.5979 1.5648 1.0929 0.77827 0.55689 0.39946 0.28593 0.20494 0.14622 0.10335 0.073227 0.051336 0.021854 0.0053529 0.0010907
15071 14941 14796 14744 14686 14618 14573 14368 14134 13975 13810 13253 12260 11109 10614 10204 9548.9 6715.7 3416.9 1380.5 577.47 280.75 157.4 94.452 41.049 16.947 10.084 6.729 4.0062 2.7562 1.9393 1.3732 0.9753 0.69304 0.49244 0.35084 0.2493 0.17589 0.12465 0.054139 0.01353 0.0027963
14012 13951 13844 13804 13766 13715 13672 13522 13355 13245 13135 12779 12120 11255 10854 10510 9964.5 7826.7 4769.5 2171.6 1067.3 434.25 238.97 141.83 82.255 40.275 23.595 16.289 10.293 6.9511 4.8761 3.4346 2.426 1.7105 1.2066 0.85092 0.60146 0.42474 0.29821 0.13143 0.033833 0.0071392
11177 11843 11748 11721 11675 11619 11578 11590 11583 11515 11452 11266 11013 10505 10256 10033 9652.9 8084.3 5617.2 3061.4 1439.9 679.47 381.33 236.59 154.54 89.227 55.17 38.134 26.154 17.482 12.285 8.659 6.102 4.2929 3.0127 2.1109 1.4779 1.0364 0.72544 0.31604 0.083074 0.017946
10919 10872 10871 10846 10820 10772 10764 10669 10572 10509 10442 10272 9948 9464.5 9230.6 9031.1 8717.6 7514.5 5688.8 3524.4 1893.1 1006 600.53 400.9 286.75 184.16 123.86 87.965 63.741 43.554 30.74 21.809 15.415 10.86 7.615 5.3234 3.7097 2.5802 1.7953 0.76492 0.20059 0.044693
10828 10778 10705 10718 10706 10674 10652 10561 10504 14824 10386 10258 8393.6 9327.6 8882.9 8873.8 8557.1 7460 5927 4081.2 2450.7 1376.3 916.37 682.43 511.93 383.82 268.47 198.91 149.1 107.62 76.368 54.69 38.908 27.512 19.339 13.521 9.4159 6.5296 4.5154 1.9028 0.48365 0.10943
12954 12888 12801 12764 7833.4 12717 12683 12548 12401 12337 12225 11989 11525 10851 10540 10284 9892.1 8617 6532.8 4688.9 3056 1788.5 1327.4 1061.1 891.54 731.27 592.29 453.5 347.6 262.29 190.23 137.13 98.267 69.804 49.22 34.484 24.03 16.67 11.507 4.7999 1.1837 0.26379
20436 20323 20170 20105 20037 19955 19900 19664 19409 19258 19119 18690 17894 16756 16234 15803 15150 12954 10153 7079.8 4497 2922 2131.8 1741.9 1539.6 1380.5 1184.1 978.98 782.59 609.82 461.34 338.79 245.34 175.81 124.73 87.736 61.291 42.557 29.409 12.213 2.9647 0.63578
48731 48468 48129 47985 47830 47641 47480 46929 46331 45979 45654 44649 42765 40074 38837 37816 36268 31037 24331 16902 10621 6781.2 4842.7 3873.3 3319.5 2913.8 2533.9 2148 1767.2 1410.7 1091.7 822.3 606.15 439.77 314.43 222.47 156.02 108.63 75.185 31.269 7.526 1.5594
64444 64219 63905 63780 63642 63476 63364 62891 62372 62069 61789 60925 59312 57008 55944 55060 53701 48879 41766 32015 21824 14578 10570 8430.3 7154 6241.6 5459.3 4710.4 3964.9 3241.4 2569.7 1980.8 1486.9 1092.4 789.04 562.25 396.31 276.94 192.15 80.176 19.247 3.9071
71375 71127 70781 70644 70493 70311 70187 69665 69095 68760 68451 67500 65718 63173 61998 61023 59532 54335 47159 38073 28628 21303 16799 14214 12609 11422 10354 9265.6 8108.6 6896.5 5682.2 4531.4 3504.3 2637.8 1940.7 1401.7 997.63 701.81 489.18 205.24 49.339 9.9172
76922 76655 76285 76136 75975 75781 75648 75086 74476 74116 73784 72764 70848 68114 66850 65802 64199 58608 50886 41106 30959 23177 18574 16213 15112 14651 14409 14071 13421 12374 10966 9325.8 7618.1 5996 4568 3387.3 2457.1 1752.2 1232.9 523.54 126.34 25.413
81264 80980 80592 80435 80265 80062 79922 79329 78689 78309 77958 76884 74865 71984 70651 69545 67854 61958 53813 43490 32773 24544 19667 17162 16014 15636 15722 16085 16527 16778 16543 15631 14054 12010 9785.4 7645.8 5768.6 4232.5 3038.4 1323.8 323.76 65.184
84605 84309 83906 83743 83566 83355 83211 82594 81930 81535 81170 80053 77956 74962 73576 72426 70668 64538 56068 45329 34174 25601 20516 17899 16694 16289 16371 16785 17449 18296 19199 19891 20000 19210 17461 14990 12202 9489 7109.7 3278.9 825.64 167.12
