0.34603 NaN 0.39821 0.81242 1.5396 0.44404 0.70688 0 2.5231 6.131 14.765 36.492 99.471 229.02 440.16 821.98 1481.4 2518.5 3937.3 5420.5 0 9875.8 10934 20712 41093 90369 2.3042e+05 7.5011e+05 3.8631e+06 1.1696e+07 3.0702e+07 4.7202e+07 6.3271e+07 7.7728e+07 9.1447e+07 1.0315e+08 1.1275e+08 1.2041e+08 1.264e+08 1.31e+08
0.34348 0.39174 NaN 0.53254 0.69386 1.0157 0.83641 1.438 3.1262 6.9356 15.722 36.646 86.524 200.34 0 0 1354.2 2339.9 3719.2 5262.8 11116 9690.5 18586 14108 26362 53807 1.2781e+05 3.9595e+05 2.6197e+06 4.8966e+06 1.5194e+07 2.6103e+07 3.5114e+07 4.3163e+07 5.0795e+07 5.7303e+07 6.2642e+07 6.6899e+07 7.0224e+07 7.2779e+07
0.34249 0.34335 NaN 0.48331 0.59307 0.58228 1.1926 1.6707 2.9822 6.6477 16.446 44.69 122.97 307.08 678.75 1229.8 0 2798.3 4262.1 6886.1 12553 10852 21937 10767 18660 36303 83764 2.6696e+05 2.2225e+06 2.0284e+06 6.896e+06 1.4231e+07 1.9459e+07 2.3946e+07 2.859e+07 3.1816e+07 3.4786e+07 3.7153e+07 3.9002e+07 4.0422e+07
0.34235 0.34294 0.55468 0.51876 0.55087 0.65862 1.5799 2.0237 3.0971 6.307 14.69 38.282 106.16 294.27 744.63 1468.5 2552.9 3344.7 4921.6 10100 13853 11961 24181 10091 17169 33312 77351 2.5074e+05 2.1664e+06 1.516e+06 5.2416e+06 1.1545e+07 1.5979e+07 1.9674e+07 2.3496e+07 2.615e+07 2.8593e+07 3.0541e+07 3.2061e+07 3.323e+07
0.34228 0.3423 0.6917 0.6858 0.76259 0.64737 2.6185 0 3.8746 6.8879 14.03 33.542 88.157 240.98 663.17 1510.9 2954.7 0 0 11792 15736 13873 27173 9759.2 16237 31424 73718 2.4538e+05 2.1254e+06 1.1494e+06 4.0266e+06 9.3966e+06 1.3211e+07 1.6278e+07 1.9446e+07 2.1645e+07 2.367e+07 2.5283e+07 2.6543e+07 2.7511e+07
0.34241 0.34253 0.60888 0.77188 0.7957 0.93908 1.5613 5.0652 6.7444 9.9058 16.953 33.585 82.049 193.3 517.05 1307.7 3014.1 5691.7 9319 14125 18547 16686 32012 48168 16161 30489 72544 2.4742e+05 2.0864e+06 8.5912e+05 3.0483e+06 7.4907e+06 1.0756e+07 1.3264e+07 1.5851e+07 1.7647e+07 1.93e+07 2.0617e+07 2.1646e+07 2.2436e+07
0.34214 0.34248 0.55361 0.71636 0.72341 0.66715 1.2137 6.7182 9.461 14.216 21.561 38.306 77.457 179.31 445.83 1053.3 2646.3 5619.5 10083 15683 20840 27009 35830 56460 16215 30560 73249 2.5471e+05 2.0455e+06 7.215e+05 2.5768e+06 6.4903e+06 9.4575e+06 1.1672e+07 1.3757e+07 1.5534e+07 1.6991e+07 1.8152e+07 1.9058e+07 1.9754e+07
0.34218 0.34205 0.34238 0.65401 0.70099 0.71295 1.6495 4.8636 8.4584 16.758 33.875 66.885 124.55 226.28 430.35 831.73 1624.4 3574.7 8043.9 16397 27568 0 56671 1.0048e+05 18309 34921 85924 3.1024e+05 1.797e+06 5.9499e+05 1.4896e+06 3.833e+06 5.9116e+06 7.3311e+06 8.6492e+06 9.7728e+06 1.0694e+07 1.1427e+07 1.2e+07 1.2439e+07
0 0.34217 0.34215 0.62483 0.72511 0.81853 0.92398 9.9588 12.169 16.792 26.07 44.411 87.534 177.07 386.38 767.86 1439.4 2665.8 5642 11967 24790 64268 72934 1.4862e+05 24136 45059 1.1247e+05 4.0001e+05 1.4903e+06 4.4824e+05 1.0271e+06 2.4547e+06 3.9341e+06 4.9314e+06 5.824e+06 6.5851e+06 7.2088e+06 7.7056e+06 8.0932e+06 8.3909e+06
0.3423 0.34214 0.3421 0.58488 0.84794 0.8512 0.91374 5.9857 16.812 23.76 34.675 52.113 83.838 154.09 322.47 642.43 1346.1 2452.5 4951.8 10398 24102 59387 74513 1.6703e+05 28739 53292 1.3317e+05 4.6175e+05 1.3352e+06 4.1102e+05 8.8045e+05 2.1632e+06 3.1898e+06 4.0395e+06 4.7736e+06 5.3997e+06 5.9127e+06 6.3213e+06 6.6401e+06 6.8849e+06
0.34236 0.34218 0.34202 0.55857 0.92336 0.92527 0.95913 1.0476 17.056 27.224 43.315 66.625 103 163.53 282.16 526.08 1106.1 2115.1 4472.9 9348.1 24862 54044 72293 1.7421e+05 33863 61615 1.5545e+05 5.1581e+05 1.2138e+06 3.9224e+05 7.8377e+05 1.6279e+06 2.6651e+06 3.4168e+06 4.0404e+06 4.5719e+06 5.0075e+06 5.3545e+06 5.6252e+06 5.833e+06
0 0.34227 0.34211 0.34236 0.63375 0.75588 0.71738 1.0188 12.993 18.6 31.14 57.663 107.91 194.75 329.04 533.85 902.42 1554.5 3088.4 7044 18515 39759 0 1.5605e+05 2.7322e+05 93534 2.3151e+05 6.2237e+05 9.3519e+05 3.8206e+05 5.9734e+05 1.0029e+06 1.6398e+06 2.2133e+06 2.6255e+06 2.9741e+06 3.26e+06 3.4876e+06 3.6652e+06 3.8015e+06
0 0.34252 0.34573 0.3421 0.63 0.63471 0.63464 0.64012 2.7899 32.844 44.6 61.01 85.215 124.33 195.09 318.78 534.95 911.53 1717.3 3635.8 8032.6 18115 42580 80101 1.6848e+05 1.4077e+05 2.9228e+05 4.9815e+05 5.6473e+05 3.5414e+05 3.8746e+05 4.5641e+05 7.8656e+05 1.186e+06 1.4379e+06 1.6317e+06 1.7907e+06 1.9175e+06 2.0163e+06 2.0922e+06
0 0 0.34291 0.34297 0.34207 0.52352 0.52826 0.53931 0.59632 27.693 31.047 39.378 56.617 83.233 119.23 165.85 224.54 318.51 534.07 1106.8 2486.4 5588.5 12473 25329 52764 82186 1.4948e+05 2.1097e+05 2.5871e+05 2.2871e+05 2.1893e+05 2.5172e+05 3.5724e+05 5.9475e+05 7.8291e+05 8.909e+05 9.7924e+05 1.0497e+06 1.1047e+06 1.1469e+06
0 90.956 0 0.34237 0.34209 0.52175 0.52712 0.56462 5.6643 20.982 29.457 36.776 41.757 53.322 76.667 111.22 156.79 219.36 341.71 0 1542.6 3628 8261.9 17123 35871 57564 1.0662e+05 1.4644e+05 1.8863e+05 1.8262e+05 1.7526e+05 1.9162e+05 2.6592e+05 4.5155e+05 6.2593e+05 7.1399e+05 7.8525e+05 8.4211e+05 8.865e+05 9.2058e+05
0 0.34611 0.53669 0.54049 0.34219 0.51127 0.52114 0.56366 0.51743 14.032 20.39 29.858 39.548 46.451 56.24 77.535 112.64 163.41 251.03 467.58 1078.8 2624.6 6177.1 13350 27776 44509 83628 1.1285e+05 1.4976e+05 1.5345e+05 1.4851e+05 1.62e+05 2.1326e+05 3.6503e+05 5.2929e+05 6.0571e+05 6.6647e+05 7.1497e+05 7.5284e+05 7.8192e+05
0 0 0.34384 0.34627 0.34219 0.48503 0.49439 0.53568 0.55095 2.0606 12.984 17.459 25.183 35.954 46.961 57.136 73.743 104.66 163.73 297.18 679.47 1701.2 4174.1 9622.8 20242 32416 61552 81249 1.1063e+05 1.2069e+05 1.1812e+05 1.2488e+05 1.5749e+05 2.7026e+05 4.1949e+05 4.838e+05 5.327e+05 5.7175e+05 6.0224e+05 6.2566e+05
0 0 0 1.1325 1.4468 0.34215 0.47098 0.48194 0.50038 0.49968 12.426 13.645 14.999 17.35 19.87 23.448 29.881 44.737 68.485 111.74 231.04 587.37 1515.4 3760.6 8394.7 14317 27228 43210 50620 59976 59221 58846 68375 1.1339e+05 2.1313e+05 2.6108e+05 2.8809e+05 3.0965e+05 3.2652e+05 3.3948e+05
0 0 0 0 23.526 0.34249 0.43799 0.46253 0.47145 3.6798 5.0478 5.4448 7.1721 9.7168 13.66 18.678 24.82 31.857 41.142 60.353 108.87 256.77 571.43 1227.9 2487.9 4827.1 8381.7 13865 19291 24157 24881 25413 27569 45574 98437 1.3915e+05 1.5487e+05 1.6671e+05 1.76e+05 1.8314e+05
0.35183 0.35123 0.38664 0.41846 0 0.8966 0.3424 0.40576 0.42308 0.72049 1.0398 1.3197 1.6811 2.3311 3.6738 6.1198 6.8569 11.018 17.013 26.897 48.955 104.29 209.29 396.04 713.19 1198.7 2003.8 3328.2 5350.3 7699.8 8898.1 10208 11616 18039 41578 71098 82732 89211 94291 98206
0.40302 0.34925 0.34882 0.36433 0.40255 0.43908 0.44329 0.35081 0.36424 0.38241 0.39828 0.61101 0.69303 0.80436 0.96048 1.2176 1.6566 2.5143 4.4981 8.7601 12.658 30.802 69.588 134.23 233.35 371.51 578.24 910.7 1709.2 2317.5 3053.6 3945.2 4874 7194.3 16713 33278 43771 47458 50222 52356
0.93685 0.90251 0.77154 0.40642 1.9687 1.1551 0.64396 0.34389 0.34482 0.34654 0.3522 0.37899 0.40535 0.44931 0.51937 0.63451 0.81107 1.0926 1.5679 2.5372 4.8642 11.55 28.209 48.745 89.735 145.04 217.02 321.94 493.99 758.48 1103 1488.7 1888.5 2979 6648.1 14230 22419 25109 26604 27761
0.34679 0.34681 0.34684 0.34659 0.34561 0.34437 0.34353 0.34295 0.34247 0.34229 0.34229 0.34267 0.34484 0.35033 0.36097 0.38111 0.42208 0.51403 0.70315 1.1057 2.0201 4.2363 9.6001 21.748 42.864 63 98.174 143.54 208.18 312.07 455.76 655.42 895.82 1311.6 2705 5810.4 10650 13193 14026 14648
0.35234 0.35729 0.35225 0.35263 0.34783 0.34676 0.34559 0.34478 0.34269 0.34797 0.34582 0.34399 0.34303 0.34559 0.34433 0.34507 0.34868 0.35923 0.38742 0.45452 0.62288 1.0914 2.4201 5.9972 13.963 27.514 46.644 72.243 99.972 148.92 218.39 325.29 467.55 633.96 1179.2 2393 4667.2 6775.9 7364.9 7698.3
0.34637 0.34644 0.34669 0.34699 NaN 0.34755 0.34728 0.34742 0.34807 0.34245 0.34734 0.34814 0.34938 0.35053 0.36716 0.36834 0.3685 0.36828 0.36905 0.37601 0.39912 0.46586 0.65238 1.1902 2.7704 6.9922 15.675 29.805 50.487 79.962 121.4 174.82 259.85 347.61 568.15 1027.7 1967.8 3277.5 3850.9 4033.5
0.34605 0.34607 0.34608 0.3462 0.34624 0.34623 0.34601 0.34484 0.3438 0.34333 0.34215 0.34471 0.34751 0.35042 0.35485 0.36173 0.36768 0.37502 0.38418 0.39621 0.41328 0.43914 0.49082 0.61199 0.93982 1.8653 4.3851 10.449 21.879 40.486 67.443 101.74 146.75 198.7 286.69 457.8 821.87 1463.7 1981.5 2109.3
0.34569 0.3457 0.34572 0.34583 0.34584 0.34586 0.34583 0.3456 0.34433 0.34323 0.34248 0.34182 0.34163 0.34152 0.34188 0.34359 0.34895 0.35941 0.37473 0.3929 0.4144 0.44327 0.48562 0.55787 0.69686 1.0153 1.8194 3.964 9.01 19.127 34.769 54.221 76.789 102.4 140.1 204.68 341.86 615.72 966.37 1101.1
0.34522 0.34522 0.34523 0.34525 0.34536 0.34537 0.34539 0.34533 0.34511 0.34375 0.34264 0.34186 0.34131 0.34093 0.34079 0.34077 0.34084 0.34134 0.34222 0.3449 0.3536 0.37592 0.42072 0.49402 0.60965 0.80373 1.1951 2.0995 4.1822 8.4487 15.512 24.798 35.345 46.815 63.824 90.209 142.14 251.74 433.59 568.27
0.34459 0.34459 0.34459 0.3446 0.34462 0.34473 0.34474 0.34476 0.34468 0.34446 0.34304 0.34195 0.34117 0.34061 0.34022 0.33997 0.33985 0.33976 0.34012 0.34063 0.34152 0.34313 0.34748 0.35972 0.39566 0.49236 0.70575 1.1592 2.071 3.7452 6.384 10.056 14.535 19.742 26.878 38.706 59.334 102.21 182.2 279.88
0.34374 0.34374 0.34374 0.34374 0.34375 0.34377 0.34388 0.34389 0.34391 0.34382 0.34361 0.34212 0.34105 0.34029 0.33973 0.33932 0.33904 0.33886 0.33868 0.33884 0.33911 0.33966 0.34068 0.34341 0.34949 0.36476 0.40703 0.52105 0.80593 1.4053 2.4145 3.8599 5.7143 8.0214 11.09 16.016 24.558 41.376 74.141 127.11
0.34261 0.34261 0.34261 0.34261 0.34261 0.34261 0.34264 0.34274 0.34275 0.34278 0.34267 0.34247 0.34093 0.33988 0.33913 0.33859 0.33819 0.3379 0.33769 0.33774 0.33696 0.33759 0.33786 0.3384 0.34021 0.34424 0.35391 0.37856 0.44158 0.59258 0.90891 1.4562 2.2328 3.2243 4.5237 6.5075 10.012 16.755 29.939 53.953
0.34109 0.34109 0.34109 0.34109 0.34109 0.34109 0.34109 0.34112 0.34122 0.34124 0.34126 0.34113 0.34093 0.33935 0.33833 0.33761 0.33708 0.33671 0.33645 0.33627 0.33616 0.33559 0.3361 0.33621 0.33647 0.33773 0.34049 0.34693 0.36233 0.39918 0.48215 0.64937 0.93678 1.3563 1.9328 2.779 4.2656 7.0657 12.435 22.42
0.33906 0.33906 0.33906 0.33906 0.33906 0.33906 0.33906 0.33907 0.33909 0.33919 0.33921 0.33923 0.33909 0.33879 0.33726 0.33626 0.33555 0.33503 0.33467 0.33443 0.33427 0.3342 0.33384 0.33434 0.33462 0.33504 0.33643 0.33918 0.3448 0.35638 0.38093 0.43144 0.52885 0.69629 0.95986 1.3704 2.0555 3.2881 5.5335 9.627
0.33637 0.33637 0.33637 0.33637 0.33637 0.33636 0.33637 0.33637 0.33637 0.33639 0.3365 0.33651 0.33654 0.33638 0.33599 0.33451 0.33354 0.33285 0.33234 0.33197 0.33171 0.33153 0.33143 0.3312 0.33152 0.33176 0.33221 0.33392 0.33727 0.34422 0.35763 0.38125 0.42269 0.49544 0.61986 0.82713 1.1607 1.7253 2.6769 4.3954
0.33288 0.33288 0.33288 0.33288 0.33288 0.33288 0.33288 0.33288 0.33288 0.33288 0.33291 0.33301 0.33302 0.33305 0.33288 0.3324 0.33098 0.33004 0.32936 0.32887 0.3285 0.32824 0.32805 0.32791 0.32738 0.32785 0.32796 0.32818 0.32938 0.33192 0.33798 0.35109 0.37658 0.42019 0.48909 0.59869 0.76605 1.0209 1.4299 2.1831
0.32892 0.32892 0.32892 0.32892 0.32892 0.32892 0.32892 0.32892 0.32892 0.32892 0.32893 0.32895 0.32905 0.32907 0.32909 0.32891 0.32835 0.32699 0.32607 0.32541 0.32493 0.32458 0.32433 0.32413 0.32398 0.32343 0.32383 0.32383 0.32386 0.3246 0.32636 0.33044 0.33997 0.36038 0.3987 0.46122 0.55306 0.68247 0.88096 1.2529
0.32549 0.32549 0.32549 0.32549 0.32549 0.32549 0.32549 0.32549 0.32549 0.32549 0.32549 0.32551 0.32552 0.32562 0.32564 0.32566 0.32547 0.32482 0.32351 0.32263 0.32199 0.32152 0.32118 0.32093 0.32074 0.32059 0.31994 0.32041 0.32037 0.32031 0.32085 0.3222 0.32529 0.33251 0.34808 0.37864 0.43105 0.51131 0.63419 0.86038
0.32312 0.32312 0.32312 0.32312 0.32312 0.32312 0.32312 0.32312 0.32312 0.32312 0.32312 0.32312 0.32315 0.32315 0.32325 0.32327 0.32329 0.32309 0.32237 0.3211 0.32024 0.31961 0.31916 0.31883 0.31858 0.31839 0.31825 0.31761 0.31807 0.31802 0.31797 0.31849 0.3198 0.3228 0.32962 0.34413 0.37283 0.42476 0.51395 0.67935
0.32195 0.32194 0.32195 0.32195 0.32194 0.32195 0.32195 0.32195 0.32195 0.32195 0.32195 0.32195 0.32195 0.32197 0.32197 0.32208 0.32209 0.32212 0.3219 0.32111 0.31988 0.31903 0.31842 0.31798 0.31765 0.31741 0.31723 0.31709 0.31646 0.31688 0.31691 0.31691 0.31763 0.31924 0.32295 0.33121 0.34862 0.38349 0.45097 0.58351
0.32252 0.32252 0.32251 0.32251 0.32251 0.32251 0.32251 0.32251 0.32251 0.32251 0.32251 0.32251 0.32251 0.32251 0.32251 0.32252 0.32254 0.32264 0.32266 0.32268 0.32251 0.322 0.32065 0.31974 0.31909 0.31862 0.31827 0.31802 0.31783 0.31769 0.31717 0.31762 0.31776 0.31814 0.31974 0.32348 0.3318 0.35011 0.38963 0.47477
0.33225 0.33224 0.33218 0.33219 0.33219 0.3322 0.3322 0.3322 0.3322 0.3322 0.3322 0.3322 0.3322 0.3322 0.3322 0.3322 0.3322 0.3322 0.33221 0.33223 0.33233 0.33234 0.33236 0.33233 0.3321 0.33087 0.32977 0.32898 0.32841 0.328 0.32771 0.32752 0.32733 0.32751 0.32795 0.32922 0.33228 0.33943 0.35647 0.39483
0.37937 0.37931 0.37932 0.37932 0.37923 0.37926 0.37925 0.37926 0.37928 0.37926 0.37928 0.37927 0.37927 0.37927 0.37927 0.37927 0.37927 0.37927 0.37927 0.37927 0.37927 0.37927 0.37928 0.3793 0.37942 0.37943 0.37946 0.37935 0.37912 0.37749 0.37631 0.37547 0.37488 0.37448 0.37428 0.37437 0.37488 0.37689 0.38169 0.39323
