0.00052859 0.00044052 0.00037238 0.0003491 0.00032737 0.00030419 0.00036741 0.00023711 0.00052859 0.00018365 0.00017018 0.00052859 0.00052859 0.00052859 0.00052859 0.00052859 0.00052859 0.00052859 0.00052859 1.8942e-05 0.0001548 0.0028217 6.3576e-06 4.3876e-06 3.0216e-06 2.0742e-06 1.4199e-06 9.6907e-07 6.5938e-07 4.4737e-07 3.0267e-07 2.0423e-07 1.3746e-07 9.2303e-08 6.1846e-08 4.1354e-08 2.7599e-08 1.8388e-08 1.2232e-08 4.6988e-09 1.0179e-09 1.875e-10
0.013307 0.010111 0.00093824 0.00087863 0.00082082 0.00077202 0.00073673 0.00060827 0.00051508 0.00047145 0.0004368 0.00035563 0.0002624 0.013307 18.241 0.019521 0.013307 0.013307 0.013307 4.8388e-05 3.3902e-05 0.094681 1.6351e-05 1.1291e-05 7.7705e-06 5.3357e-06 3.6519e-06 2.4924e-06 1.6959e-06 1.1506e-06 7.7844e-07 5.2526e-07 3.5354e-07 2.374e-07 1.5906e-07 1.0636e-07 7.0983e-08 4.7294e-08 3.1457e-08 1.2085e-08 2.6176e-09 4.8201e-10
0.335 0.335 0.335 0.07524 0.018622 0.015381 0.013066 0.0015638 0.0013228 0.0012091 0.0011207 0.00091294 0.00067345 0.0004882 0.335 0.06514 0.02222 0.335 0.335 0.00012311 8.6629e-05 0.15383 4.2063e-05 2.9039e-05 1.9997e-05 1.3722e-05 9.3941e-06 6.4101e-06 4.3618e-06 2.9593e-06 2.0021e-06 1.3509e-06 9.0927e-07 6.1057e-07 4.0909e-07 2.7355e-07 1.8256e-07 1.2163e-07 8.091e-08 3.1077e-08 6.7286e-09 1.2399e-09
0.96645 0.27248 0.076503 0.080091 0.082504 0.08452 0.083484 0.037174 0.010613 0.0061587 0.0033177 0.0023496 0.0017283 0.001252 0.0011097 0.0010138 0.00090706 0.00063474 0.96645 0.00031428 0.00022041 0.019162 0.00010782 7.4662e-05 5.1655e-05 3.5262e-05 2.4178e-05 1.6489e-05 1.1218e-05 7.6112e-06 5.1494e-06 3.4745e-06 2.3386e-06 1.5703e-06 1.0521e-06 7.0352e-07 4.6953e-07 3.1283e-07 2.0809e-07 7.9933e-08 1.7307e-08 3.1887e-09
1.7476 0.40636 0.097452 0.088268 0.10246 0.10556 0.083843 0.053895 0.069789 0.12007 0.12365 0.0060109 0.0047543 0.0032136 0.002848 0.0026034 0.0022973 6.7416 1.2142 1.7476 0.00056266 0.0059989 0.00027505 0.0001915 1.7476 9.0833e-05 6.2823e-05 4.1952e-05 2.8857e-05 1.9575e-05 1.3244e-05 8.9364e-06 6.0146e-06 4.0388e-06 2.706e-06 1.8094e-06 1.2076e-06 8.0456e-07 5.3517e-07 2.0558e-07 4.4512e-08 8.1967e-09
0.30059 0.74757 0.11201 0.11114 0.14709 0.15434 0.068715 0.037791 0.089818 0.11543 0.12731 0.013486 0.011406 0.007927 0.0070237 0.0064452 0.0057843 0.0041751 0.0029381 0.0020591 0.0014393 1.5553 0.00070021 0.00048809 0.00033908 0.00023302 0.00015992 0.00010951 7.4369e-05 4.9887e-05 3.7415e-05 2.2984e-05 1.547e-05 1.0387e-05 6.9598e-06 4.6537e-06 3.1059e-06 2.0693e-06 1.3765e-06 5.2874e-07 1.1449e-07 2.1085e-08
0.40012 0.38693 0.31522 0.34103 0.61874 0.37852 0.32951 0.17837 0.12623 0.12256 0.13904 0.031239 0.026181 0.020361 0.018031 0.016496 0.0146 0.010409 0.0074458 0.0052788 0.0036865 13.008 0.0017877 0.0012428 0.00086368 0.00059843 0.00041099 0.00028079 0.0001914 0.00012957 8.9098e-05 6.478e-05 4.9969e-05 2.6717e-05 1.79e-05 1.1969e-05 7.9882e-06 5.322e-06 3.5401e-06 1.3599e-06 2.9445e-07 5.4224e-08
0.86228 0.92394 0.49113 0.56039 0.86228 0.99124 1.2537 0.49908 0.61205 0.28756 0.20714 0.095721 0.061739 0.049817 0.044302 0.040555 0.035931 0.026631 0.018848 0.013348 0.0093882 0.0065794 0.0045728 0.0031733 0.0021997 0.0015241 0.0010538 0.0007211 0.00049129 0.00033337 0.00022592 0.00015027 0.00010102 5.8309e-05 4.9612e-05 3.0783e-05 2.0545e-05 1.3688e-05 9.1048e-06 3.4975e-06 7.5734e-07 1.3946e-07
1.8583 2.6836 1.2317 0.97114 0.85762 1.361 1.7582 1.0763 0.82717 0.89275 0.74863 0.34441 0.17171 0.12425 0.11421 0.099848 0.095235 0.066615 0.048338 0.033941 0.023835 0.01673 0.011704 0.008116 0.0056164 0.0038816 0.002681 0.0018492 0.0012615 0.00085701 0.00058002 0.00039067 0.00026173 0.0001879 0.00010097 9.5998e-05 9.7748e-05 3.5204e-05 2.3417e-05 8.9952e-06 1.9478e-06 3.5876e-07
4.8849 7.2149 3.8991 2.7299 2.3153 2.4624 3.1006 2.8184 1.663 1.5659 1.526 0.76508 0.57538 0.42128 0.32129 0.27473 0.23305 0.17212 0.12082 0.087151 0.060905 0.042616 0.029774 0.020692 0.014359 0.0099092 0.0068282 0.0047016 0.0032351 0.0022007 0.0014914 0.001005 0.00068047 0.00045741 0.00030694 0.00021679 9.9757e-05 0.00013685 0.00019128 2.3135e-05 5.0097e-06 9.2255e-07
12.225 17.532 14.538 9.2106 6.9782 5.7092 5.9033 6.9777 4.3227 3.3735 3.0877 1.9482 1.3485 0.9952 0.84979 0.73668 0.61487 0.43885 0.3143 0.22128 0.15643 0.10912 0.075874 0.052835 0.036611 0.025322 0.017426 0.011973 0.0082196 0.0056429 0.0038286 0.0025875 0.0017407 0.0011689 0.00078652 0.00050947 0.00033001 0.0002737 0.0001913 9.8213e-05 1.2884e-05 2.373e-06
30.992 38.111 60.197 39.795 26.271 18.705 16.212 17.793 10.785 8.8471 7.4998 5.3383 3.5141 2.5431 2.2488 1.9841 1.642 1.1529 0.80015 0.56932 0.39664 0.27965 0.19413 0.1351 0.093346 0.064532 0.044486 0.030538 0.020925 0.014325 0.009813 0.0066371 0.0044774 0.0030065 0.0020142 0.0013437 0.00092032 0.00061017 0.0004416 0.00041554 3.3137e-05 6.103e-06
110.7 77.028 210.39 164.02 120.17 81.002 65.362 48.801 32.804 25.483 21.935 14.538 9.5638 6.6329 5.7847 5.1576 4.5469 3.0587 2.1451 1.4694 1.0229 0.71285 0.49994 0.34515 0.23896 0.165 0.11326 0.077783 0.053322 0.036445 0.024885 0.017015 0.011486 0.0077307 0.0051808 0.0034724 0.0023059 0.0015361 0.0010421 0.00041557 0.00018738 1.5696e-05
229.59 167.97 501.82 581.06 488.68 347.52 279.5 153.84 102.1 83.751 68.67 42.896 28.032 18.461 15.84 14.361 12.106 8.2077 5.6705 3.8551 2.6659 1.844 1.2915 0.88647 0.61099 0.4211 0.28964 0.19871 0.13566 0.092752 0.063253 0.043093 0.029392 0.019818 0.013306 0.0089066 0.0059529 0.0039687 0.0025964 0.0011704 0.00042555 4.0369e-05
407.01 407.01 898.05 1262.6 1382.8 1165.5 980.49 503.89 337.64 271.61 222.3 136.78 83.052 53.297 44.909 39.822 33.872 22.276 15.125 10.189 6.9556 4.7884 3.3068 2.2769 1.5683 1.0762 0.73886 0.50627 0.34616 0.23628 0.16074 0.10939 0.074383 0.050628 0.034099 0.022883 0.015271 0.010198 0.0067825 0.0026354 0.0014022 0.00011552
710.51 710.51 1308.7 2048.9 2769.7 2991.5 2545.3 1634.1 1018.4 843.26 637.48 409.95 239.44 150.92 128.75 112.19 95.101 59.825 40.354 26.731 18.117 12.378 8.5118 5.8436 4.0204 2.7597 1.8871 1.2916 0.88191 0.60099 0.40902 0.27804 0.18855 0.12797 0.086943 0.058524 0.039222 0.026153 0.017407 0.0067043 0.0014022 0.00026236
1202.3 1046.8 1202.3 2901.7 4304.2 5964.1 6103.9 4090.2 2628.2 2365.5 1909.8 1273.6 703.85 431.37 358.35 313.13 261.59 163.58 107.04 70.46 47.239 32.074 21.939 15.065 10.325 7.0791 4.8442 3.3026 2.2531 1.533 1.0412 0.70637 0.47888 0.3244 0.21953 0.14889 0.10017 0.067062 0.044733 0.017184 0.0038913 0.0012222
1927.2 1804 2550.1 3621.2 1927.2 9271.1 11023 10088 6389 5249 4309.9 3070.5 1823.2 1190 981.08 858.99 714.82 444.06 284.66 189.69 123.67 83.425 56.773 38.809 26.574 18.191 12.438 8.4859 5.7668 3.9228 2.66 1.8009 1.2181 0.82336 0.55619 0.3758 0.25432 0.171 0.11442 0.044143 0.0094484 0.0021871
2825.7 2837.9 3930.8 5332.8 2825.7 13794 17377 21428 15645 13044 11149 7089.7 4608.3 3043.2 2629.9 2300.2 1917.7 1178.2 743.2 485.48 321.46 216.26 146.68 100.12 68.282 46.765 31.949 21.789 14.825 10.048 6.8153 4.6078 3.1106 2.0972 1.4134 0.95219 0.64201 0.43355 0.29131 0.1131 0.024623 0.0060869
3632.7 4197.8 6345.5 9842.6 13949 21028 26742 42582 35506 29701 25733 17393 11423 7580.6 3632.7 5834.2 4914.9 3091.5 1952.3 1261.1 832.83 558.21 378.07 257.87 175.81 120 82.075 55.962 38.069 25.829 17.504 11.814 7.9656 5.3626 3.6065 2.424 1.629 1.0956 0.73817 0.28867 0.062542 0.012169
4938.8 8568 11101 13475 18760 29630 39984 82130 72175 66737 68331 47936 27330 17054 15058 13614 11702 7364.6 4815.9 3165.7 2111.4 1422 965.76 659.82 450.76 308.15 210.3 143.59 97.669 66.325 44.706 30.32 20.432 13.744 9.2313 6.1938 4.1532 2.7845 1.8684 0.73531 0.16146 0.030387
6714.4 9390.1 13122 16048 21505 32342 46964 6714.4 1.8093e+05 1.7449e+05 1.5882e+05 1.1055e+05 63335 37866 32862 29856 26063 17144 11574 7743.7 5260 3596.4 2456 1683.3 1153.2 789.4 539.73 367.97 250.23 170.18 115.28 77.539 52.447 35.265 23.67 15.864 10.622 7.1075 4.7559 1.8715 0.41265 0.078087
10141 18329 25044 28671 34371 45135 56038 1.3884e+05 2.3578e+05 2.5884e+05 2.5848e+05 10141 1.5009e+05 90514 77343 69584 60743 41378 28431 19397 13206 9048.9 6221.9 4283.2 2945.3 2020.7 1383.4 944.42 642.79 436.15 295.85 199.92 134.3 90.539 60.747 40.691 27.219 18.19 12.15 4.7431 1.0541 0.19368
19313 28635 39714 44337 49176 65055 73755 1.4469e+05 2.6993e+05 3.3356e+05 3.7014e+05 3.7239e+05 2.6613e+05 1.7281e+05 1.493e+05 1.3591e+05 1.2346e+05 89928 63462 44891 31693 22222 15509 10783 7465.6 5146.6 3534.5 2418.2 1648.8 1119.8 758.13 513.03 345.88 232.12 155.97 104.44 69.827 46.625 31.106 12.086 2.6965 0.50281
39606 57489 79143 87561 96266 1.0617e+05 1.1256e+05 1.3638e+05 1.6813e+05 1.8729e+05 2.0475e+05 3.9832e+05 4.3597e+05 3.4837e+05 3.1362e+05 2.9031e+05 2.6226e+05 2.0253e+05 1.5216e+05 1.1015e+05 78430 55495 39044 27273 18992 13185 9032.9 6192 4226.6 2874.7 1947.5 1315.2 887.89 597.25 399.18 268.2 179.26 119.64 79.753 30.889 6.8986 1.2844
89128 1.2269e+05 1.6513e+05 1.8156e+05 1.9831e+05 2.1749e+05 2.2988e+05 2.7652e+05 3.1621e+05 3.3545e+05 3.5106e+05 3.8922e+05 4.2892e+05 4.3886e+05 4.3045e+05 4.2224e+05 4.089e+05 3.5951e+05 3.1879e+05 2.5173e+05 1.8689e+05 1.3582e+05 97075 68552 48006 33368 23050 15836 10827 7373.1 5000.8 3379 2276.5 1533.3 1029.1 686.46 460.34 307.14 204.65 79.095 17.538 3.2897
2.3236e+05 2.9468e+05 3.7624e+05 4.073e+05 4.3893e+05 4.7473e+05 4.9781e+05 5.8437e+05 6.5821e+05 6.9396e+05 7.2272e+05 7.8948e+05 8.6675e+05 8.8633e+05 8.7993e+05 8.7132e+05 8.5423e+05 7.7845e+05 6.6993e+05 5.4707e+05 4.2715e+05 3.2178e+05 2.3597e+05 1.6945e+05 1.2008e+05 84149 58454 40320 27647 18862 12815 8668.6 5846 3930.1 2641.4 1769.4 1177.2 788.71 525.4 202.76 44.669 8.4374
7.4874e+05 8.492e+05 9.8783e+05 1.0404e+06 1.0939e+06 1.1541e+06 1.1927e+06 1.3364e+06 1.4578e+06 1.5166e+06 1.5639e+06 1.674e+06 1.7873e+06 1.8359e+06 1.8336e+06 1.8246e+06 1.8024e+06 1.6881e+06 1.4964e+06 1.2599e+06 1.0112e+06 7.7919e+05 5.8124e+05 4.2248e+05 3.0202e+05 2.1297e+05 1.4861e+05 1.0283e+05 70673 48297 32847 22252 15012 10105 6774.1 4543.3 3037.5 2017.3 1349.4 520.3 114.1 21.651
2.96e+06 2.9916e+06 3.0947e+06 3.1415e+06 3.1912e+06 3.2504e+06 3.2891e+06 3.4305e+06 3.5537e+06 3.6135e+06 3.6614e+06 3.7718e+06 3.8767e+06 3.8993e+06 3.8815e+06 3.8583e+06 3.8123e+06 3.5989e+06 3.2603e+06 2.8227e+06 2.3333e+06 1.847e+06 1.4098e+06 1.0429e+06 7.5333e+05 5.3578e+05 3.7615e+05 2.6143e+05 1.8025e+05 1.2346e+05 84109 57036 38536 25941 17418 11652 7799.6 5205.4 3451.4 1335.7 291.99 55.512
1.1743e+07 1.1121e+07 1.0572e+07 1.0405e+07 1.0252e+07 1.0097e+07 1.0006e+07 1.0514e+07 1.0536e+07 1.0645e+07 1.0765e+07 1.1515e+07 1.3925e+07 1.117e+07 9.7691e+06 9.0358e+06 8.37e+06 7.6745e+06 7.0022e+06 6.1777e+06 5.2438e+06 4.2685e+06 3.3399e+06 2.5253e+06 1.8542e+06 1.335e+06 9.4555e+05 6.6135e+05 4.5806e+05 3.148e+05 2.1497e+05 1.4603e+05 98766 66550 44710 29938 20003 13366 8900 3430.4 748.26 141.03
2.6833e+07 2.6339e+07 2.5835e+07 2.5635e+07 2.542e+07 2.516e+07 2.4982e+07 2.4231e+07 2.3481e+07 2.3075e+07 2.2724e+07 2.1788e+07 2.0463e+07 1.9143e+07 1.8662e+07 1.8305e+07 1.7813e+07 1.6426e+07 1.492e+07 1.3259e+07 1.1491e+07 9.594e+06 7.7124e+06 5.9802e+06 4.4843e+06 3.2829e+06 2.3542e+06 1.6615e+06 1.1583e+06 7.9976e+05 5.4801e+05 3.7319e+05 2.5286e+05 1.706e+05 1.147e+05 76900 51395 34284 22868 8781 1919.4 359.5
3.9618e+07 3.9203e+07 3.9183e+07 3.9255e+07 3.9359e+07 3.9503e+07 3.9607e+07 4.0049e+07 4.042e+07 4.057e+07 4.0663e+07 4.0701e+07 4.0116e+07 3.871e+07 3.8013e+07 3.7441e+07 3.6595e+07 3.397e+07 3.0992e+07 2.7754e+07 2.4305e+07 2.0715e+07 1.7111e+07 1.3631e+07 1.0528e+07 7.8888e+06 5.7617e+06 4.1225e+06 2.9028e+06 2.0189e+06 1.3907e+06 9.5061e+05 6.4584e+05 4.3661e+05 2.9396e+05 1.9724e+05 1.32e+05 88070 58649 22639 4926.4 918.69
5.3036e+07 5.2439e+07 5.2358e+07 5.2435e+07 5.2557e+07 5.2738e+07 5.2878e+07 5.3545e+07 5.4313e+07 5.4767e+07 5.5182e+07 5.6381e+07 5.8242e+07 5.9925e+07 6.0363e+07 6.0593e+07 6.075e+07 6.0095e+07 5.7565e+07 5.3652e+07 4.8502e+07 4.2563e+07 3.6237e+07 2.9873e+07 2.3818e+07 1.8379e+07 1.3763e+07 1.0045e+07 7.1798e+06 5.0486e+06 3.5054e+06 2.4099e+06 1.644e+06 1.1147e+06 7.521e+05 5.0542e+05 3.3853e+05 2.2617e+05 1.5072e+05 58130 12634 2351.8
6.5132e+07 6.4371e+07 6.4232e+07 6.4312e+07 6.4444e+07 6.4646e+07 6.4803e+07 6.5566e+07 6.6446e+07 6.697e+07 6.7452e+07 6.8876e+07 7.1322e+07 7.4352e+07 7.5596e+07 7.6559e+07 7.7912e+07 8.1606e+07 8.4507e+07 8.5373e+07 8.3268e+07 7.8027e+07 7.0216e+07 6.0756e+07 5.0615e+07 4.0652e+07 3.1533e+07 2.3702e+07 1.7341e+07 1.241e+07 8.7287e+06 6.0574e+06 4.16e+06 2.8341e+06 1.9186e+06 1.2924e+06 8.6713e+05 5.799e+05 3.8686e+05 1.4907e+05 32492 6027.5
7.6612e+07 7.5689e+07 7.6535e+07 7.6615e+07 7.6757e+07 7.698e+07 7.6112e+07 7.6966e+07 7.796e+07 7.8551e+07 7.9095e+07 8.0704e+07 8.3462e+07 8.6874e+07 8.8289e+07 8.9399e+07 9.0999e+07 9.5886e+07 1.015e+08 1.0744e+08 1.1261e+08 1.1519e+08 1.1348e+08 1.0677e+08 9.5733e+07 8.1904e+07 6.7073e+07 5.2778e+07 4.0084e+07 2.9541e+07 2.1241e+07 1.498e+07 1.0408e+07 7.1492e+06 4.8681e+06 3.2926e+06 2.2154e+06 1.4846e+06 9.9154e+05 3.8292e+05 83469 15464
8.6407e+07 8.5343e+07 8.5094e+07 8.5174e+07 8.5323e+07 8.5562e+07 8.5751e+07 8.6679e+07 8.7768e+07 8.8417e+07 8.9014e+07 9.0785e+07 9.3824e+07 9.7588e+07 9.9147e+07 1.0037e+08 1.0213e+08 1.075e+08 1.1373e+08 1.2084e+08 1.2877e+08 1.3711e+08 1.446e+08 1.4894e+08 1.4758e+08 1.3918e+08 1.244e+08 1.055e+08 8.5273e+07 6.6071e+07 4.9394e+07 3.5869e+07 2.5458e+07 1.7755e+07 1.222e+07 8.3274e+06 5.6322e+06 3.7877e+06 2.5361e+06 9.8292e+05 2.1442e+05 39695
9.4445e+07 9.3263e+07 9.2967e+07 9.3045e+07 9.3199e+07 9.3449e+07 9.3648e+07 9.4636e+07 9.5798e+07 9.6494e+07 9.7134e+07 9.9033e+07 1.023e+08 1.0635e+08 1.0804e+08 1.0935e+08 1.1125e+08 1.1705e+08 1.2377e+08 1.3143e+08 1.4e+08 1.4946e+08 1.5971e+08 1.7034e+08 1.7997e+08 1.8587e+08 1.8471e+08 1.7438e+08 1.555e+08 1.3105e+08 1.0492e+08 8.0383e+07 5.9401e+07 4.2669e+07 2.9991e+07 2.074e+07 1.4171e+07 9.5965e+06 6.4562e+06 2.5169e+06 5.505e+05 1.0178e+05
1.0086e+08 9.9579e+07 9.9243e+07 9.932e+07 9.9476e+07 9.9734e+07 9.9941e+07 1.0097e+08 1.0219e+08 1.0292e+08 1.0359e+08 1.0559e+08 1.0904e+08 1.1332e+08 1.1509e+08 1.1649e+08 1.185e+08 1.2464e+08 1.3176e+08 1.3988e+08 1.4897e+08 1.5899e+08 1.6986e+08 1.8152e+08 1.9385e+08 2.0643e+08 2.1784e+08 2.2501e+08 2.2386e+08 2.1151e+08 1.8837e+08 1.5812e+08 1.2579e+08 9.5617e+07 7.0078e+07 4.9941e+07 3.4846e+07 2.3943e+07 1.6268e+07 6.4207e+06 1.4104e+06 2.6177e+05
1.0586e+08 1.0451e+08 1.0414e+08 1.0422e+08 1.0438e+08 1.0464e+08 1.0485e+08 1.0592e+08 1.0718e+08 1.0793e+08 1.0863e+08 1.107e+08 1.1428e+08 1.1873e+08 1.2058e+08 1.2204e+08 1.2413e+08 1.3053e+08 1.3797e+08 1.4645e+08 1.5596e+08 1.6644e+08 1.7782e+08 1.9e+08 2.0288e+08 2.1638e+08 2.3036e+08 2.4447e+08 2.5726e+08 2.6541e+08 2.6416e+08 2.4982e+08 2.2248e+08 1.864e+08 1.4772e+08 1.1172e+08 8.142e+07 5.7694e+07 4.0041e+07 1.6233e+07 3.6149e+06 6.7226e+05
1.0972e+08 1.083e+08 1.0791e+08 1.0798e+08 1.0814e+08 1.0841e+08 1.0862e+08 1.0971e+08 1.11e+08 1.1178e+08 1.125e+08 1.1463e+08 1.183e+08 1.2288e+08 1.2479e+08 1.2628e+08 1.2844e+08 1.3504e+08 1.4271e+08 1.5147e+08 1.613e+08 1.7214e+08 1.8391e+08 1.9652e+08 2.0985e+08 2.238e+08 2.3827e+08 2.5316e+08 2.6837e+08 2.8356e+08 2.9736e+08 3.0626e+08 3.049e+08 2.8875e+08 2.5745e+08 2.1568e+08 1.7065e+08 1.2869e+08 9.3442e+07 4.0184e+07 9.2188e+06 1.7244e+06
