3.2735e-06 8.6721e-06 0.002127 0.002982 0.0042151 0.0054399 0.00073713 0.00060969 3.2735e-06 2.02e-05 8.2252e-06 3.2735e-06 3.2735e-06 3.2735e-06 3.2735e-06 3.2735e-06 3.2735e-06 3.2735e-06 3.2735e-06 7.5997e-05 0.1496 0.67643 6.4332e-09 0.049468 0.00052554 3.7217e-09 1.7312e-09 1.0979e-09 7.6945e-10 5.3658e-10 3.7254e-10 2.5762e-10 1.775e-10 1.2189e-10 8.3428e-11 5.693e-11 3.8734e-11 2.6283e-11 1.7788e-11 7.0864e-12 1.6103e-12 3.0915e-13
0.083252 4576 5.7402e-06 5.3512e-06 4.9757e-06 0.00607 0.0070752 0.00088508 0.0005636 6.6842e-05 9.1133e-05 5.447e-06 3.4758e-06 0.083252 83.895 0.0031981 0.083252 0.083252 0.083252 0.00019552 0.00064552 1.7284 1.7028e-08 0.025456 0.001499 5.9832e-09 4.421e-09 2.8238e-09 1.979e-09 1.3801e-09 9.5814e-10 6.6258e-10 4.5652e-10 3.1348e-10 2.1457e-10 1.4642e-10 9.9623e-11 6.7599e-11 4.5745e-11 1.8226e-11 4.1412e-12 7.9474e-13
2117.4 2117.4 2117.4 193.58 66.105 18.765 3.0421 9.2504e-06 0.00016177 0.00072501 7.9798e-05 2.3835e-05 0.0055365 0.00052234 2117.4 0.23949 0.0010163 2117.4 2117.4 0.033316 0.0010086 1.8604 4.3551e-08 2.8958e-08 0.0035159 2.0395e-08 1.1184e-08 7.2623e-09 5.09e-09 3.5495e-09 2.4643e-09 1.7041e-09 1.1741e-09 8.0625e-10 5.5185e-10 3.7658e-10 2.5622e-10 1.7385e-10 1.1766e-10 4.6869e-11 1.0645e-11 2.0444e-12
2332.3 5416.5 1237.2 275.46 109.01 39.504 8.3195 0.27528 0.15235 0.17731 0.12118 3.0229e-05 5.227e-05 0.00093685 0.00010108 0.24543 0.0040547 0.89114 2332.3 0.015473 0.024795 0.37705 1.1302e-07 9.8322e-08 0.0052601 6.7225e-08 2.6527e-08 1.8685e-08 1.309e-08 9.1291e-09 6.3381e-09 4.3828e-09 3.0198e-09 2.0736e-09 1.4193e-09 9.6851e-10 6.5898e-10 4.4714e-10 3.026e-10 1.2055e-10 2.738e-11 5.2575e-12
3232.3 4767.3 1702.7 576.57 411.99 207.02 121.25 37.877 1.819 14.955 3.4341 0.22596 0.2484 4.147e-05 2.135e-05 1.6416e-05 1.1541e-05 1.158 56.86 3232.3 0.01794 9.3176 2.9308e-07 2.0328e-07 3232.3 2.8168e-07 6.8586e-08 4.8098e-08 3.3674e-08 2.3478e-08 1.6301e-08 1.1273e-08 7.7667e-09 5.3332e-09 3.6504e-09 2.4909e-09 1.6949e-09 1.15e-09 7.7825e-10 3.1004e-10 7.0421e-11 1.3515e-11
1467.7 3922.6 3128.8 3253.6 420.39 111.58 64.037 2.7694 39.199 27.114 4.8773 0.29614 0.24988 0.22606 0.21237 0.19165 0.15306 1.1065e-05 4.0019e-05 0.30666 1.0442e-05 20.146 7.2814e-07 5.1808e-07 0.012022 1.5325e-06 1.8386e-07 1.2513e-07 8.6665e-08 6.0365e-08 4.1942e-08 2.8993e-08 1.9976e-08 1.3717e-08 9.3886e-09 6.4066e-09 4.3591e-09 2.9577e-09 2.0017e-09 7.9741e-10 1.8114e-10 3.4764e-11
1659.5 2378.4 3020.6 2687.4 1693.8 353.75 235.82 143.24 38.58 34.479 8.1184 0.29346 0.25962 0.2222 0.21943 0.20434 0.16464 0.12698 0.088751 1.861e-05 4.2392e-05 0.27931 1.843e-06 1.3375e-06 0.029595 9.0201e-06 4.9535e-07 3.2033e-07 2.2284e-07 1.5543e-07 1.0782e-07 7.4574e-08 5.1422e-08 3.5279e-08 2.4147e-08 1.6477e-08 1.1211e-08 7.607e-09 5.148e-09 2.0509e-09 4.6585e-10 8.9404e-11
1744.9 2114.1 3299 3157.1 1744.9 1934.5 1800.8 1693.9 1501 1348.8 11.732 0.55649 0.2655 0.22559 0.27455 0.26295 0.21748 0.13792 0.10535 0.060342 0.0020827 0.00011444 4.6907e-06 3.4166e-06 0.055569 4.5909e-05 1.1564e-06 8.1716e-07 5.7314e-07 3.9968e-07 2.7754e-07 1.9181e-07 1.3214e-07 9.0711e-08 6.2465e-08 4.2378e-08 2.8834e-08 1.9565e-08 1.324e-08 5.2746e-09 1.1982e-09 2.2995e-10
1834.8 2077.8 3043.1 3180.9 2840.4 2241.6 1916.2 1718.7 1449.5 1228.3 981.82 426.09 22.615 0.28925 16.005 0.20465 0.23456 0.15936 0.10526 0.069254 0.013312 0.00020079 1.239e-05 7.999e-06 0.080561 0.00021232 3.0688e-06 2.1018e-06 1.4722e-06 1.028e-06 7.1369e-07 4.9362e-07 3.3988e-07 2.3341e-07 1.5971e-07 1.0899e-07 7.6153e-08 5.0319e-08 3.4053e-08 1.3566e-08 3.0816e-09 5.9152e-10
2001 2122.8 2873.1 3128.9 3032.3 2466.4 2156.7 1711 1520.3 1300.4 1095.6 500.18 191.45 49.885 40.906 28.329 3.0561 0.1565 4.5365 0.40672 0.018592 0.00063121 3.2185e-05 0.010927 1.4667e-05 0.00078817 7.5104e-06 5.3397e-06 3.7838e-06 2.64e-06 1.8356e-06 1.2693e-06 8.7469e-07 6.0024e-07 4.1079e-07 2.8047e-07 1.9067e-07 1.2915e-07 8.8154e-08 3.489e-08 7.9256e-09 1.5211e-09
2083 2379.4 2731.3 3038.9 3120.8 2746.6 2382.7 1732.1 1587.7 1389.2 1190.8 580.02 211.57 45.567 46.989 33.895 22.832 16.972 6.3707 0.81243 0.02669 0.0018407 0.00011419 0.0049803 0.090776 2.6858e-05 2.0594e-05 1.3606e-05 9.5943e-06 6.7703e-06 4.713e-06 3.2646e-06 2.2493e-06 1.5447e-06 1.0567e-06 7.2091e-07 4.9063e-07 3.3311e-07 2.2495e-07 9.3158e-08 2.0384e-08 3.9126e-09
2222.6 2550.5 2769.5 3039.1 3151.2 3012.3 2685.9 1791 1628.7 1470.2 1281.7 678.92 231.84 53.896 48.416 41.126 25.445 17.667 6.5019 1.0374 0.3948 0.078474 0.00032443 0.0022274 0.089534 0.0040557 5.022e-05 3.4777e-05 2.4469e-05 1.7197e-05 1.2087e-05 8.3803e-06 5.7849e-06 3.9723e-06 2.7193e-06 1.8542e-06 1.2619e-06 8.5601e-07 5.7981e-07 2.2879e-07 5.2425e-08 1.0063e-08
2598.3 2974.4 3034.1 3078.4 3239.5 3286.7 3026.3 1933 1701.7 1569.6 1391.1 818.27 257.69 76.43 47.756 46.971 31.15 18.311 8.0483 1.3036 0.45157 0.11588 0.00095432 0.0010435 0.07402 0.0089185 0.00013212 8.963e-05 6.2469e-05 4.3829e-05 3.0688e-05 2.1492e-05 1.4847e-05 1.0216e-05 6.9926e-06 4.7722e-06 3.2452e-06 2.2023e-06 1.4902e-06 5.9501e-07 1.7166e-07 2.588e-08
3658.3 4634.9 6044 6095.7 5666.7 4986.5 4311.5 2305.5 1819.2 1712 1570 982.11 304.56 105.47 57.316 49.259 39.583 20.064 10.044 1.8671 0.51557 0.15669 0.0050045 0.0032318 0.056118 0.017836 0.00038151 0.00023631 0.00016087 0.00011251 7.821e-05 5.454e-05 3.8045e-05 2.6213e-05 1.7984e-05 1.2272e-05 8.3508e-06 5.663e-06 3.8331e-06 1.5256e-06 3.6176e-07 6.6559e-08
19873 19873 19954 17739 14647 11268 9078.3 3676 2247.3 1986.4 1826.7 1184.7 385.11 137.17 79.874 56.287 47.889 21.22 13.368 3.1321 0.58611 0.21037 0.015664 0.0035107 0.27799 0.061931 0.00096901 0.00061052 0.00042362 0.00029096 0.0002 0.00013899 9.6569e-05 6.7116e-05 4.6131e-05 3.1559e-05 2.1473e-05 1.4572e-05 9.8564e-06 3.9267e-06 9.1952e-07 3.9746e-07
1.6739e+05 1.6739e+05 69182 54695 42656 28960 22399 7713.4 3514.6 2702.2 2315.6 1535.4 517.8 174.14 111.76 75.618 55.639 23.532 17.61 5.3991 0.69533 0.2916 0.03839 0.0076309 0.18511 0.48508 0.0059681 0.0015625 0.0010805 0.00074835 0.00051748 0.00035733 0.00024633 0.00017037 0.00011801 8.0927e-05 5.5218e-05 3.7469e-05 2.5361e-05 1.0098e-05 2.2944e-06 6.1974e-07
9.3739e+05 6.7297e+05 9.3739e+05 2.9219e+05 2.1702e+05 1.4184e+05 1.0367e+05 25628 7221.2 4583.7 3456.9 2116.8 719.97 220.09 151.22 107.72 70.286 28.987 22.84 5.7349 0.88752 0.40665 0.081016 0.018471 0.11772 0.59377 0.018315 0.0040114 0.0027432 0.0019071 0.0013204 0.00091421 0.00063199 0.00043563 0.00029972 0.00020681 0.00014154 9.6335e-05 6.5203e-05 2.5971e-05 5.8949e-06 1.1593e-06
1.6568e+06 1.5058e+06 1.156e+06 9.7895e+05 1.6568e+06 5.4352e+05 3.9717e+05 89018 22950 12269 7680 3376.2 1097.7 298.49 204.89 153.32 98.658 42.774 28.857 8.9668 1.3398 0.57382 0.15861 0.045633 0.084011 0.61236 0.050033 0.010012 0.0068857 0.0048111 0.0033482 0.0023238 0.0016086 0.0011104 0.00076471 0.00052591 0.00036182 0.0002468 0.0001676 6.6819e-05 1.5183e-05 2.9215e-06
1.9636e+06 1.8618e+06 1.6499e+06 1.5291e+06 1.9636e+06 1.1288e+06 1.0269e+06 2.7167e+05 71788 38211 23387 7496 1977.9 491.13 312.98 231.87 153.09 65.072 37.005 13.317 2.5807 0.81793 0.31876 0.11233 0.093029 0.58689 0.12754 0.024205 0.016894 0.011906 0.0083682 0.0058451 0.0040657 0.0028148 0.0019419 0.0013358 0.00091735 0.00062972 0.00042939 0.00017171 3.9021e-05 7.4425e-06
2.0737e+06 1.994e+06 1.8176e+06 1.7312e+06 1.6173e+06 1.4372e+06 1.2846e+06 5.4671e+05 1.7358e+05 95787 59339 18332 4136.8 1016.4 2.0737e+06 429.47 276.87 106.09 54.493 20.769 5.3327 1.2993 0.69435 0.28155 0.17206 0.57921 0.3059 0.057737 0.040354 0.028774 0.020446 0.014412 0.010115 0.007054 0.004892 0.0033767 0.0023223 0.0015932 0.001092 0.00044101 0.00010033 1.9234e-05
2.1033e+06 2.0435e+06 1.8781e+06 1.8023e+06 1.7115e+06 1.5777e+06 1.6213e+06 8.4127e+05 3.3928e+05 2.0208e+05 1.2986e+05 42397 9118.2 2306.4 1418.1 996.25 635.58 220.92 100.2 39.062 8.1916 2.6441 1.5677 0.71826 0.39845 0.65297 0.65679 0.13773 0.094755 0.067894 0.048407 0.034618 0.024562 0.017311 0.012117 0.0084282 0.0058292 0.0040128 0.0027532 0.0011274 0.000258 4.9501e-05
2.1333e+06 2.0543e+06 1.8996e+06 1.8327e+06 1.7468e+06 1.6397e+06 1.5537e+06 2.1333e+06 5.6801e+05 3.6592e+05 2.5039e+05 91706 20279 5203 3359.3 2440.5 1601.1 572.29 249.84 92.092 22.821 7.5331 3.8204 1.9524 1.0467 0.9421 1.2214 0.33653 0.22234 0.1589 0.11382 0.081084 0.058166 0.041387 0.02928 0.02058 0.014372 0.0099726 0.0068817 0.0028579 0.00066198 0.00012737
2.1409e+06 2.064e+06 1.921e+06 1.852e+06 1.7345e+06 1.4113e+06 1.6047e+06 1.2429e+06 8.147e+05 5.7462e+05 4.2341e+05 2.1409e+06 43795 11356 7574.8 5717 3922.3 1510 605.38 215.62 60.485 21.657 9.6929 5.3457 2.9036 1.9046 2.1181 0.84906 0.53517 0.37597 0.26704 0.19009 0.13543 0.096962 0.069056 0.048978 0.034553 0.02423 0.016884 0.0071145 0.0016938 0.00032728
2.1105e+06 2.0486e+06 1.9119e+06 1.8421e+06 1.7665e+06 1.6868e+06 1.6219e+06 1.2848e+06 9.7036e+05 7.7777e+05 6.1937e+05 3.1113e+05 89374 23508 15851 12442 9079.6 3790.2 1454.1 508.27 149.79 50.793 24.741 14.074 7.998 4.7266 3.9332 2.1743 1.3353 0.91832 0.64011 0.45026 0.31861 0.22598 0.161 0.11447 0.081222 0.057421 0.040404 0.017416 0.0042989 0.00084023
2.038e+06 1.9855e+06 1.8654e+06 1.3114e+06 1.7383e+06 1.6608e+06 1.6088e+06 1.3748e+06 1.097e+06 9.3246e+05 7.9057e+05 4.48e+05 1.5794e+05 46750 32423 25512 18992 8562.5 3249.1 1169.5 367.36 129.98 62.978 35.556 21.279 12.359 8.3845 5.5614 3.4026 2.3006 1.5802 1.0936 0.76366 0.53657 0.37697 0.26738 0.18928 0.134 0.094719 0.041631 0.010727 0.0021511
1.8697e+06 1.8442e+06 1.7477e+06 1.6979e+06 1.6417e+06 1.5713e+06 1.5214e+06 1.3275e+06 1.1688e+06 1.0496e+06 9.3806e+05 6.295e+05 2.6307e+05 79864 53944 41562 30595 14608 6748.8 2429.7 859.13 319.83 149.45 86.149 53.638 31.942 20.225 13.645 8.6916 5.834 3.9735 2.726 1.8775 1.3057 0.91018 0.63406 0.44612 0.31365 0.22091 0.097564 0.025976 0.0054639
1.545e+06 1.535e+06 1.4922e+06 1.4555e+06 1.4221e+06 1.3777e+06 1.3455e+06 1.2125e+06 1.086e+06 1.0071e+06 9.3192e+05 6.9895e+05 3.6818e+05 1.3717e+05 97404 77134 58013 28872 12359 4658.8 1832.5 746.13 357.16 204.45 128.83 80.44 50.472 33.404 22.055 14.824 10.083 6.8922 4.7225 3.2521 2.2494 1.5569 1.0747 0.75007 0.52282 0.22759 0.061398 0.013683
9.8188e+05 1.002e+06 1.0102e+06 1.008e+06 9.9798e+05 9.8802e+05 9.7582e+05 9.3349e+05 8.8963e+05 8.5834e+05 8.2681e+05 7.0393e+05 4.2596e+05 1.8101e+05 1.2933e+05 1.0199e+05 75906 47721 22512 9001.6 3752.8 1677.1 836.09 487.11 305.24 201.03 129.21 83.064 55.819 37.762 25.704 17.571 12.018 8.2515 5.6649 3.8999 2.6823 1.8377 1.2718 0.5391 0.14315 0.033444
3.8996e+05 4.019e+05 4.1988e+05 4.2718e+05 4.3478e+05 4.4279e+05 4.5128e+05 4.7755e+05 5.0581e+05 5.2133e+05 5.3036e+05 5.2972e+05 4.0821e+05 2.1717e+05 1.6503e+05 1.3481e+05 1.0357e+05 55847 31221 15497 8749.8 3575.5 1868.5 1097.5 714.14 477.5 314.2 207.63 140.66 95.715 65.451 44.825 30.731 21.057 14.445 9.8912 6.781 4.6418 3.16 1.3122 0.33492 0.079591
73756 71631 71122 71743 72881 74974 77051 1.3549e+05 1.6484e+05 1.8486e+05 2.0436e+05 2.6263e+05 2.8713e+05 1.9834e+05 1.6278e+05 1.3988e+05 1.1402e+05 67968 41352 23955 13168 7011.1 4048.8 2494.4 1650.7 1118.7 760.49 513.09 349.86 240.85 165.8 114.05 78.406 53.807 36.921 25.275 17.271 11.804 8.0405 3.2759 0.80061 0.18473
3.3482e+05 3.61e+05 3.87e+05 3.9457e+05 4.0136e+05 4.0956e+05 4.1287e+05 4.2518e+05 4.279e+05 4.2553e+05 4.2008e+05 3.8831e+05 2.9465e+05 1.8643e+05 1.5472e+05 1.3463e+05 1.1145e+05 67922 43292 28058 18301 11857 7764.2 5253.7 3710.4 2527.4 1783.7 1243.4 861.7 599.77 416.93 288.8 199.49 137.39 94.405 64.72 44.229 30.152 20.543 8.28 1.969 0.431
1.0733e+06 1.0493e+06 1.0073e+06 9.8782e+05 9.6523e+05 9.3803e+05 9.1894e+05 8.346e+05 7.4746e+05 8.2839e+05 6.5007e+05 5.239e+05 3.1319e+05 2.083e+05 1.6618e+05 1.4514e+05 1.1712e+05 67348 43328 31219 23541 17151 13114 9992.8 7448.6 5695.7 4052.1 2923.8 2090.3 1477.1 1039.5 726.6 505.18 349.65 240.98 165.49 113.3 77.268 52.549 21.237 4.951 1.0288
1.7885e+06 1.7368e+06 1.6616e+06 1.6295e+06 1.5908e+06 1.5516e+06 1.5217e+06 1.3897e+06 1.2426e+06 1.1556e+06 1.0763e+06 8.5216e+05 5.3859e+05 2.9408e+05 2.2992e+05 1.9074e+05 1.4777e+05 78294 46288 34409 28542 22903 20610 17912 14864 11846 9154.9 6875.1 5043.2 3634.4 2590.3 1827.3 1278.8 889.09 614.93 423.26 290.17 198.24 134.89 54.425 12.591 2.5292
2.2275e+06 2.1642e+06 2.073e+06 2.0345e+06 1.9926e+06 1.9417e+06 1.9065e+06 1.7545e+06 1.5924e+06 1.4993e+06 1.4156e+06 1.1796e+06 8.2495e+05 4.9235e+05 3.9193e+05 3.2765e+05 2.5484e+05 1.3292e+05 81369 59224 48325 41832 37002 32596 28367 24032 19559 15412 11751 8725.4 6343.4 4539.9 3209.9 2248.4 1562.8 1079.6 741.86 507.48 345.86 139.44 32.282 6.3611
2.6346e+06 2.5598e+06 2.4883e+06 2.4422e+06 2.3922e+06 2.3312e+06 2.256e+06 2.0768e+06 1.8856e+06 1.776e+06 1.6775e+06 1.4022e+06 1.003e+06 6.4952e+05 5.4327e+05 4.7355e+05 3.9131e+05 2.3713e+05 1.5918e+05 1.2094e+05 1.0024e+05 87003 76903 68024 59510 50984 42539 34437 27028 20608 15322 11158 7993.4 5653 3955.9 2745.5 1892.9 1297.9 885.81 358.01 82.842 16.202
2.9816e+06 2.8971e+06 2.7757e+06 2.7244e+06 2.6686e+06 2.6007e+06 2.5539e+06 2.3516e+06 2.1358e+06 2.0119e+06 1.9008e+06 1.5899e+06 1.1387e+06 7.3914e+05 6.1935e+05 5.4104e+05 4.4907e+05 2.7891e+05 1.9529e+05 1.5674e+05 1.3855e+05 1.2901e+05 1.2235e+05 1.1551e+05 1.0707e+05 96719 84766 71892 58926 46700 35869 26806 19582 14047 9931.9 6944.1 4812.1 3311.3 2265.5 918.9 212.73 41.486
3.266e+06 3.1735e+06 3.0407e+06 2.9845e+06 2.9236e+06 2.8493e+06 2.7981e+06 2.5768e+06 2.3408e+06 2.2054e+06 2.0838e+06 1.7438e+06 1.2501e+06 8.1253e+05 6.8122e+05 5.9533e+05 4.9443e+05 3.0746e+05 2.1542e+05 1.7307e+05 1.5372e+05 1.4539e+05 1.428e+05 1.4307e+05 1.4375e+05 1.4236e+05 1.369e+05 1.2663e+05 1.1217e+05 95115 77356 60569 45886 33829 24401 17303 12110 8390.6 5767.7 2352.9 546.1 106.29
3.4927e+06 3.3939e+06 3.2519e+06 3.1919e+06 3.1267e+06 3.0473e+06 2.9926e+06 2.7563e+06 2.5041e+06 2.3594e+06 2.2296e+06 1.8664e+06 1.3389e+06 8.7107e+05 7.3058e+05 6.3866e+05 5.3065e+05 3.3031e+05 2.3157e+05 1.8607e+05 1.6521e+05 1.5618e+05 1.5342e+05 1.5445e+05 1.5802e+05 1.6321e+05 1.6849e+05 1.7132e+05 1.6878e+05 1.5902e+05 1.4236e+05 1.2102e+05 98057 76186 57165 41722 29800 20941 14535 6002.6 1399.1 273.27
3.6697e+06 3.5658e+06 3.4167e+06 3.3537e+06 3.2852e+06 3.2019e+06 3.1445e+06 2.8963e+06 2.6315e+06 2.4796e+06 2.3434e+06 1.962e+06 1.4082e+06 9.1676e+05 7.6912e+05 6.725e+05 5.5893e+05 3.4818e+05 2.4421e+05 1.9626e+05 1.7425e+05 1.6469e+05 1.6171e+05 1.6268e+05 1.6637e+05 1.7217e+05 1.7976e+05 1.8873e+05 1.9781e+05 2.0426e+05 2.0429e+05 1.9492e+05 1.7587e+05 1.4987e+05 1.2115e+05 93615 69739 50502 35792 15177 3585.8 701.7
3.8056e+06 3.698e+06 3.5433e+06 3.478e+06 3.407e+06 3.3206e+06 3.2611e+06 3.0038e+06 2.7294e+06 2.572e+06 2.4307e+06 2.0354e+06 1.4614e+06 9.5184e+05 7.9871e+05 6.9849e+05 5.8065e+05 3.6191e+05 2.5393e+05 2.0409e+05 1.8121e+05 1.7124e+05 1.6811e+05 1.6907e+05 1.7282e+05 1.7875e+05 1.8655e+05 1.9607e+05 2.0719e+05 2.196e+05 2.3211e+05 2.4175e+05 2.4394e+05 2.3459e+05 2.1279e+05 1.8165e+05 1.4662e+05 1.1284e+05 83605 37577 9144.7 1799.8
