0.34151 0.34162 0.34173 0.34177 0.34182 0.34175 0.34185 0.34203 0.34151 0.34224 0.34231 0.34151 0.34151 0.34151 0.34151 0.34151 0.34151 0.34151 0.34151 0.34691 0.34713 0.3471 0.34708 0.34698 0.34699 0.34698 0.347 0.34704 0.34708 0.34715 0.34723 0.34735 0.3475 0.34772 0.348 0.34839 0.34891 0.34962 0.35059 0.3545 0.37219 0.45589
0.22109 0.34108 0.34161 0.34165 0.34132 0.34172 0.34175 0.34174 0.34196 0.34202 0.34207 0.34223 0.3425 0.22109 0.34301 0.34314 0.22109 0.22109 0.22109 0.34617 0.34689 0.34712 0.3471 0.34709 0.34699 0.347 0.34701 0.34704 0.34708 0.34715 0.34723 0.34735 0.3475 0.34772 0.348 0.34839 0.34891 0.34962 0.35058 0.35451 0.37218 0.45582
0.21779 0.24083 0.3176 0.31896 0.33992 0.34006 0.3403 0.3417 0.3418 0.34173 0.34182 0.34201 0.34221 0.34247 0.21779 0.34268 0.34282 0.21779 0.21779 0.3448 0.34606 0.34688 0.34713 0.34711 0.3471 0.34701 0.34703 0.34704 0.34708 0.34715 0.34723 0.34735 0.3475 0.34772 0.348 0.34839 0.34891 0.34961 0.35059 0.35449 0.3721 0.45584
0.21441 0.2377 0.25943 0.26617 0.2724 0.32113 0.322 0.32517 0.33956 0.33949 0.3406 0.34213 0.34199 0.34219 0.34227 0.34234 0.34244 0.34278 0.21441 0.34386 0.34473 0.34596 0.34687 0.34713 0.34712 0.34712 0.34714 0.34706 0.34709 0.34715 0.34723 0.34735 0.3475 0.34772 0.348 0.34839 0.34891 0.34962 0.35058 0.3545 0.37212 0.45583
0.21107 0.23436 0.2563 0.26337 0.26971 0.27625 0.28014 0.29312 0.32711 0.32834 0.32931 0.33975 0.34071 0.34197 0.34204 0.34215 0.34216 0.34241 0.34274 0.21107 0.34381 0.34466 0.34587 0.34687 0.34712 0.34714 0.34714 0.34717 0.34711 0.34715 0.34723 0.34735 0.3475 0.34772 0.348 0.34839 0.34891 0.34961 0.35058 0.35449 0.37212 0.45573
0.20756 0.23103 0.25328 0.26026 0.26672 0.2734 0.27737 0.29088 0.30061 0.30507 0.30835 0.33114 0.33993 0.34068 0.3407 0.34089 0.34152 0.34213 0.34237 0.3427 0.34315 0.34376 0.34461 0.34579 0.34687 0.34712 0.34717 0.34718 0.34722 0.34717 0.34724 0.34735 0.34751 0.34772 0.348 0.34839 0.34891 0.34962 0.35059 0.3545 0.37213 0.45576
0.20381 0.22744 0.25006 0.25718 0.26379 0.27059 0.27468 0.28833 0.29835 0.30309 0.30658 0.31444 0.33353 0.34062 0.34062 0.3407 0.34081 0.3412 0.3419 0.34234 0.34267 0.34312 0.34372 0.34456 0.34571 0.34688 0.34713 0.3472 0.34723 0.34728 0.34726 0.34735 0.34751 0.34772 0.348 0.34839 0.34891 0.34962 0.35058 0.3545 0.37213 0.45575
0.19969 0.22364 0.24656 0.25379 0.19969 0.26758 0.27175 0.28586 0.29623 0.30089 0.30451 0.31292 0.32179 0.33549 0.33623 0.33675 0.33696 0.34093 0.34122 0.3418 0.34222 0.34264 0.34309 0.34369 0.34451 0.34565 0.34689 0.34714 0.34725 0.34729 0.34737 0.34738 0.34751 0.34772 0.348 0.34839 0.34891 0.34962 0.35058 0.3545 0.37213 0.45576
0.19565 0.21956 0.24277 0.25016 0.25706 0.26424 0.26858 0.2831 0.2939 0.29876 0.30254 0.31106 0.32032 0.32732 0.32933 0.33058 0.33702 0.338 0.34104 0.34133 0.34169 0.34217 0.34262 0.34306 0.34366 0.34447 0.34559 0.34692 0.34717 0.34732 0.34738 0.34748 0.34753 0.34772 0.348 0.34839 0.34891 0.34962 0.35058 0.3545 0.37213 0.45579
0.19113 0.21517 0.23867 0.2462 0.25326 0.26061 0.26505 0.28003 0.29127 0.29631 0.30029 0.30924 0.31903 0.3261 0.3284 0.32974 0.33138 0.33819 0.3388 0.34115 0.34142 0.34176 0.34217 0.34255 0.34305 0.34364 0.34444 0.34555 0.34695 0.34722 0.3474 0.3475 0.34764 0.34774 0.34801 0.34839 0.34891 0.34962 0.35058 0.3545 0.37213 0.45576
0.18625 0.21038 0.23418 0.24185 0.24906 0.2566 0.26116 0.27664 0.2883 0.29359 0.29773 0.30718 0.31757 0.32509 0.32724 0.32866 0.33038 0.3343 0.33905 0.33934 0.34124 0.34151 0.3418 0.34218 0.34255 0.34303 0.34362 0.34442 0.34552 0.34701 0.34729 0.34752 0.34766 0.34785 0.34803 0.3484 0.34891 0.34962 0.35058 0.3545 0.37213 0.45578
0.18085 0.20507 0.22917 0.23699 0.24435 0.25209 0.25678 0.27279 0.28494 0.29048 0.29483 0.3048 0.31582 0.32387 0.32623 0.32776 0.32958 0.33347 0.33637 0.3397 0.3398 0.34133 0.34148 0.34186 0.34219 0.34256 0.34303 0.34362 0.34442 0.34551 0.34709 0.34739 0.34768 0.34787 0.34814 0.34842 0.34894 0.34962 0.35059 0.3545 0.37213 0.45578
0.17469 0.19898 0.22339 0.23136 0.2389 0.24685 0.25168 0.26828 0.28098 0.28681 0.29139 0.30196 0.31371 0.32244 0.32491 0.32661 0.32858 0.33292 0.33567 0.33782 0.33918 0.34013 0.34141 0.34154 0.34189 0.34221 0.34257 0.34302 0.34363 0.34443 0.34552 0.34718 0.34753 0.34789 0.34816 0.34853 0.34894 0.34964 0.35059 0.3545 0.37213 0.45578
0.16726 0.19161 0.21635 0.22449 0.23223 0.24042 0.24543 0.26271 0.27607 0.28224 0.28712 0.29841 0.3111 0.32056 0.32331 0.32513 0.32737 0.33204 0.33515 0.3372 0.33884 0.33979 0.34093 0.34147 0.34164 0.34193 0.34223 0.34259 0.34304 0.34365 0.34446 0.34557 0.34722 0.34773 0.34818 0.34855 0.34905 0.34965 0.35061 0.3545 0.37213 0.45578
0.15761 0.15761 0.20709 0.21545 0.22343 0.23191 0.23712 0.25527 0.26947 0.27609 0.28134 0.29361 0.30754 0.31807 0.32113 0.32317 0.32565 0.33091 0.33448 0.33676 0.33829 0.33954 0.34025 0.3411 0.34152 0.34166 0.34197 0.34226 0.34262 0.34308 0.3437 0.34453 0.34566 0.34732 0.348 0.34857 0.34907 0.34976 0.35061 0.3545 0.37213 0.45577
0.14423 0.14423 0.19396 0.20255 0.21081 0.21967 0.22514 0.24442 0.25976 0.26699 0.27277 0.28643 0.30221 0.31433 0.31789 0.32026 0.32316 0.32931 0.33344 0.33616 0.33792 0.33902 0.34003 0.34058 0.34122 0.34156 0.34167 0.342 0.3423 0.34266 0.34314 0.34378 0.34463 0.3458 0.3475 0.34838 0.3491 0.34977 0.35072 0.3545 0.37213 0.45578
0.1255 0.14918 0.1255 0.18352 0.19205 0.20129 0.20705 0.22769 0.24452 0.2526 0.25913 0.27481 0.29343 0.30813 0.31251 0.31545 0.31905 0.32671 0.33183 0.33514 0.33729 0.33866 0.3395 0.34033 0.34086 0.34129 0.34159 0.3417 0.34204 0.34235 0.34272 0.34322 0.34389 0.34479 0.34601 0.34778 0.34888 0.3498 0.35074 0.35452 0.37213 0.45577
0.10141 0.12351 0.14822 0.15692 0.10141 0.17491 0.18085 0.20261 0.22099 0.23004 0.23747 0.25577 0.2785 0.29728 0.30303 0.30692 0.31173 0.32207 0.32898 0.33339 0.33614 0.33793 0.33907 0.33975 0.3405 0.34096 0.34132 0.3416 0.3417 0.34208 0.3424 0.34281 0.34334 0.34407 0.34502 0.34633 0.34819 0.34957 0.35077 0.35464 0.37213 0.45577
0.075675 0.094886 0.1172 0.12528 0.075675 0.14235 0.14811 0.16975 0.18879 0.19845 0.20655 0.22722 0.25452 0.27876 0.28654 0.2919 0.29862 0.3135 0.32364 0.33007 0.33402 0.33651 0.33812 0.33916 0.33979 0.34052 0.34096 0.3413 0.34158 0.34172 0.34212 0.34248 0.34293 0.34351 0.3443 0.34535 0.34678 0.34879 0.35053 0.35465 0.37214 0.45577
0.053986 0.069679 0.088506 0.095475 0.10251 0.11046 0.11559 0.13531 0.15325 0.16262 0.17061 0.19174 0.22166 0.25079 0.053986 0.26788 0.27703 0.29833 0.31368 0.32365 0.32982 0.33367 0.33613 0.33778 0.33887 0.33956 0.34034 0.34083 0.34119 0.34149 0.342 0.34215 0.34256 0.34308 0.34374 0.34463 0.34581 0.3474 0.34965 0.35467 0.37216 0.45577
0.039921 0.051565 0.06704 0.072855 0.078769 0.085492 0.089863 0.10682 0.12251 0.13081 0.13796 0.15724 0.18594 0.21635 0.22756 0.23581 0.24685 0.27459 0.29656 0.31181 0.32165 0.32792 0.33203 0.33478 0.33667 0.33802 0.33891 0.33983 0.34039 0.34093 0.34079 0.34174 0.34216 0.34266 0.34326 0.34404 0.34506 0.34643 0.34828 0.35446 0.37227 0.45577
0.02952 0.039741 0.052578 0.057463 0.062461 0.068174 0.071903 0.02952 0.10001 0.10718 0.11338 0.13009 0.15518 0.1828 0.1935 0.20163 0.2129 0.24363 0.27109 0.2922 0.30695 0.31693 0.32379 0.32858 0.332 0.33447 0.33631 0.3376 0.33857 0.33966 0.34039 0.34048 0.34153 0.3421 0.34273 0.34348 0.34442 0.34564 0.34728 0.35387 0.37226 0.45577
0.023646 0.03205 0.042816 0.046968 0.051243 0.05616 0.059387 0.07209 0.08402 0.090357 0.095826 0.023646 0.13231 0.1559 0.16508 0.17212 0.18207 0.21085 0.23962 0.26451 0.28382 0.29812 0.30872 0.31662 0.32257 0.32709 0.33055 0.33318 0.33521 0.33675 0.33827 0.33938 0.3399 0.34108 0.34187 0.34272 0.34369 0.34488 0.34641 0.35227 0.37225 0.45576
0.020184 0.027093 0.036104 0.039622 0.043271 0.047497 0.050288 0.061395 0.071988 0.077666 0.082588 0.095888 0.11549 0.13612 0.14393 0.14985 0.15815 0.18232 0.20791 0.23229 0.25337 0.27074 0.28482 0.29627 0.30556 0.3131 0.31918 0.32407 0.328 0.33108 0.33352 0.33579 0.33751 0.3387 0.34016 0.34134 0.34253 0.34385 0.34542 0.35101 0.37211 0.45575
0.018934 0.024498 0.031899 0.034827 0.037884 0.041451 0.043821 0.053372 0.062647 0.067683 0.072085 0.08412 0.10212 0.12101 0.12801 0.13324 0.14044 0.16062 0.18153 0.20211 0.22121 0.23839 0.25369 0.26737 0.27949 0.29015 0.29941 0.30735 0.31407 0.31972 0.32434 0.32813 0.33154 0.33423 0.33601 0.33842 0.3402 0.34196 0.34382 0.34964 0.37162 0.4558
0.020825 0.024937 0.030673 0.032996 0.035445 0.038333 0.040267 0.048175 0.056018 0.060341 0.064156 0.074756 0.091042 0.10854 0.11505 0.1199 0.12651 0.14448 0.1621 0.17885 0.19435 0.20869 0.22219 0.23506 0.24754 0.25953 0.2709 0.28149 0.29116 0.29985 0.30746 0.31402 0.31961 0.32462 0.32875 0.33179 0.33527 0.33802 0.34066 0.34754 0.36964 0.45559
0.028934 0.03084 0.034349 0.035946 0.037616 0.039684 0.041098 0.047071 0.053225 0.056695 0.059798 0.068608 0.08264 0.098326 0.10431 0.10879 0.11495 0.13169 0.14776 0.16248 0.17552 0.18708 0.19766 0.20774 0.21791 0.2283 0.23896 0.24981 0.26065 0.27126 0.2814 0.29081 0.2994 0.30706 0.31407 0.32009 0.32478 0.32992 0.33411 0.34351 0.36695 0.45504
0.050426 0.048217 0.047815 0.048119 0.048629 0.049427 0.050057 0.053225 0.057024 0.059343 0.061481 0.067857 0.078718 0.09166 0.096786 0.1007 0.10615 0.12141 0.13649 0.15043 0.16263 0.17299 0.18184 0.18958 0.19705 0.20455 0.2124 0.22084 0.22993 0.23963 0.24981 0.26024 0.27059 0.28071 0.29016 0.29922 0.30738 0.31425 0.32143 0.33545 0.3627 0.45349
0.092214 0.085635 0.079739 0.078087 0.076696 0.075425 0.074761 0.073316 0.073338 0.073802 0.074427 0.077043 0.083045 0.091652 0.095362 0.098289 0.1025 0.11498 0.12823 0.14124 0.15312 0.16332 0.17179 0.17881 0.18468 0.19018 0.19554 0.20111 0.20716 0.21391 0.22149 0.22994 0.23921 0.24911 0.25945 0.26982 0.28033 0.29038 0.29946 0.32039 0.35478 0.44985
0.14719 0.13947 0.13169 0.129 0.12636 0.12349 0.1217 0.11544 0.1107 0.10863 0.1071 0.10412 0.10256 0.10418 0.10554 0.10681 0.10887 0.11625 0.12562 0.13609 0.14663 0.15639 0.16484 0.17182 0.17736 0.18213 0.18629 0.19015 0.19402 0.19813 0.20273 0.20803 0.21419 0.22132 0.22949 0.23857 0.24847 0.25917 0.2701 0.29608 0.34013 0.44056
0.22391 0.20657 0.19344 0.18974 0.1864 0.18298 0.18092 0.17358 0.16725 0.16399 0.16123 0.1541 0.14485 0.13755 0.13559 0.1344 0.13318 0.13219 0.13444 0.13934 0.14601 0.15345 0.16078 0.16737 0.17277 0.17738 0.18118 0.1844 0.18727 0.18999 0.19277 0.19579 0.19926 0.20336 0.20827 0.2142 0.22116 0.22932 0.23879 0.26428 0.31605 0.42442
0.35278 0.31405 0.28292 0.27412 0.26629 0.25863 0.25418 0.24015 0.23041 0.22607 0.22266 0.21447 0.20345 0.19203 0.18783 0.18475 0.18063 0.17049 0.16296 0.1587 0.15768 0.15932 0.16271 0.16676 0.17108 0.17504 0.17847 0.18137 0.18383 0.18598 0.18795 0.18987 0.19187 0.1941 0.19673 0.19992 0.20387 0.20871 0.21468 0.23419 0.2837 0.39765
0.5583 0.48788 0.42879 0.41141 0.3957 0.37984 0.3705 0.34006 0.3182 0.30855 0.30111 0.28434 0.26611 0.2518 0.24715 0.24378 0.23917 0.22643 0.21332 0.20057 0.18983 0.18201 0.17741 0.17556 0.17569 0.17698 0.17879 0.18071 0.18255 0.18424 0.18576 0.18716 0.18851 0.18987 0.19134 0.19305 0.19512 0.19771 0.20099 0.21273 0.25071 0.35978
0.86537 0.75024 0.65204 0.62273 0.59599 0.56871 0.55248 0.49851 0.45834 0.44004 0.42562 0.39212 0.35377 0.32399 0.31504 0.309 0.3015 0.2843 0.26998 0.25597 0.24129 0.22642 0.21276 0.20164 0.19364 0.18856 0.18582 0.18466 0.18449 0.18489 0.18558 0.18639 0.18725 0.18813 0.18906 0.19008 0.19125 0.19268 0.1945 0.20104 0.22648 0.31816
1.3062 1.1287 0.97624 0.93052 0.88866 0.84577 0.82031 0.73447 0.66964 0.63972 0.61593 0.55967 0.49272 0.43753 0.42015 0.40815 0.39298 0.35805 0.33144 0.31135 0.29517 0.28008 0.26428 0.24771 0.23161 0.21762 0.20665 0.19877 0.19362 0.1905 0.18882 0.18807 0.18791 0.18809 0.18849 0.18905 0.18975 0.19063 0.19174 0.19583 0.21289 0.28465
1.9249 1.661 1.434 1.3657 1.3031 1.2388 1.2004 1.0713 0.97313 0.92761 0.89129 0.80481 0.70026 0.61175 0.58318 0.56319 0.53749 0.47599 0.42604 0.38653 0.35624 0.33345 0.31547 0.29936 0.2827 0.26486 0.24686 0.2305 0.21702 0.20684 0.19973 0.19507 0.19221 0.1906 0.18982 0.18958 0.18971 0.19013 0.19082 0.19374 0.20659 0.26459
2.7828 2.3999 2.0701 1.9708 1.8797 1.7862 1.7302 1.5418 1.3984 1.3317 1.2784 1.1512 0.99648 0.86407 0.8209 0.79051 0.75121 0.65551 0.57504 0.50817 0.45359 0.41013 0.37658 0.35131 0.33166 0.31461 0.29729 0.27855 0.25914 0.24093 0.22541 0.21335 0.20467 0.19878 0.19503 0.19278 0.19158 0.19111 0.19118 0.1931 0.20393 0.2547
3.9653 3.4187 2.9478 2.8059 2.6758 2.5421 2.4621 2.1926 1.9873 1.8917 1.8154 1.6328 1.41 1.2187 1.156 1.1118 1.0545 0.91396 0.79406 0.69229 0.60656 0.53512 0.47657 0.4297 0.39328 0.36575 0.34459 0.32676 0.30887 0.28953 0.26912 0.24952 0.23236 0.21881 0.20885 0.20198 0.19757 0.1949 0.1935 0.19361 0.20284 0.25068
5.5904 4.8192 4.1547 3.9544 3.7707 3.5819 3.469 3.0885 2.7983 2.6633 2.5553 2.2971 1.9817 1.7103 1.6212 1.5584 1.4767 1.2761 1.1039 0.9564 0.83052 0.72357 0.63333 0.55796 0.49597 0.44611 0.40716 0.37759 0.35504 0.3364 0.31818 0.29849 0.27743 0.25672 0.23837 0.22363 0.21267 0.2051 0.20022 0.19593 0.20293 0.24902
7.8211 6.7419 5.8116 5.5313 5.2741 5.0099 4.8518 4.319 3.9127 3.7236 3.5723 3.2105 2.7684 2.3876 2.2627 2.1744 2.0597 1.7774 1.5345 1.3258 1.1467 0.99322 0.86215 0.75068 0.6565 0.57769 0.51268 0.46018 0.41898 0.38755 0.36373 0.34434 0.3259 0.30605 0.28461 0.26316 0.24389 0.22823 0.21653 0.20238 0.20409 0.2485
