0.013526 0.0095208 0.0068559 0.0061554 0.0055489 0.0049537 0.0047164 0.0035752 0.013526 0.0025646 0.0023348 0.013526 0.013526 0.013526 0.013526 0.013526 0.013526 0.013526 0.013526 0.00022967 0.00017605 0.0008324 7.5989e-05 5.2191e-05 3.5734e-05 2.4368e-05 1.6562e-05 1.1217e-05 7.572e-06 5.0961e-06 3.4202e-06 2.2896e-06 1.5293e-06 1.0194e-06 6.7834e-07 4.506e-07 2.9884e-07 1.9792e-07 1.309e-07 4.9634e-08 1.0524e-08 1.876e-09
0.020578 0.021703 0.016038 0.014475 0.013076 0.011777 0.011008 0.0086481 0.0069308 0.0062158 0.0056709 0.0044664 0.0031917 0.020578 3.3838 0.0018289 0.020578 0.020578 0.020578 0.00057041 0.00040205 0.045471 0.00019301 0.00013295 9.1128e-05 6.2253e-05 4.2352e-05 2.8714e-05 1.9402e-05 1.3069e-05 8.7777e-06 5.8798e-06 3.9291e-06 2.6201e-06 1.7442e-06 1.159e-06 7.6896e-07 5.0946e-07 3.3704e-07 1.2792e-07 2.7141e-08 4.8302e-09
0.031306 0.031306 0.031306 0.025631 0.029281 0.026517 0.025023 0.020226 0.016441 0.014775 0.013521 0.010722 0.0077183 0.0055272 0.031306 0.0044659 0.0039436 0.031306 0.031306 0.0014097 0.00099674 0.0855 0.00048464 0.00033959 0.00023147 0.00015839 0.000108 7.3322e-05 4.9609e-05 3.3451e-05 2.2488e-05 1.5076e-05 1.0082e-05 6.7275e-06 4.4809e-06 2.9791e-06 1.9775e-06 1.3108e-06 8.6774e-07 3.2978e-07 7.0111e-08 1.2467e-08
0.26135 0.042692 0.037309 0.03646 0.035414 0.049132 0.046568 0.038171 0.036402 0.032874 0.030744 0.025318 0.018335 0.013228 0.011733 0.010732 0.016556 0.0067966 0.26135 0.0034454 0.0024434 0.014572 0.001215 0.00084319 0.00059546 0.00041376 0.00027416 0.00018651 0.00012643 8.5399e-05 5.7488e-05 3.8582e-05 2.5825e-05 1.7247e-05 1.1496e-05 7.6479e-06 5.08e-06 3.3695e-06 2.232e-06 8.4995e-07 1.815e-07 3.2254e-08
0.91208 0.13996 0.15128 0.14619 0.14221 0.13815 0.12741 0.086574 0.081071 0.075937 0.071083 0.055922 0.041333 0.031095 0.027652 0.025356 0.022488 2.1988 0.90299 0.91208 0.005923 0.0076526 0.0029855 0.0020968 0.91208 0.0010097 0.00070119 0.0005187 0.0003206 0.00021708 0.00014646 9.8472e-05 6.6005e-05 4.4126e-05 2.9438e-05 1.9601e-05 1.303e-05 8.6491e-06 5.7335e-06 2.1875e-06 4.6957e-07 8.363e-08
0.2435 0.35262 0.34197 0.25325 0.24236 0.17879 0.17421 0.15669 0.14308 0.1361 0.12973 0.11727 0.094674 0.069606 0.062048 0.057144 0.051476 0.037951 0.02741 0.019726 0.014142 0.63152 0.0071814 0.0050907 0.0035835 0.0025107 0.0017195 0.0011984 0.00087843 0.00064968 0.00055091 0.00025021 0.0001681 0.00011259 7.5214e-05 5.0134e-05 3.3357e-05 2.2161e-05 1.4703e-05 5.621e-06 1.2121e-06 2.1702e-07
0.56101 0.67212 0.6952 0.66175 0.62085 0.6693 0.61965 0.52334 0.32914 0.29917 0.286 0.2392 0.20417 0.1607 0.14323 0.13163 0.11729 0.085725 0.063036 0.04605 0.033205 3.9359 0.017062 0.012154 0.0086278 0.0060879 0.0042412 0.0029277 0.0019991 0.0014307 0.0010807 0.00083203 0.00071565 0.00028593 0.00019145 0.00012785 8.5188e-05 5.6659e-05 3.7628e-05 1.4416e-05 3.1204e-06 5.6154e-07
1.3472 1.7685 1.5612 1.5795 1.3472 1.483 1.468 1.1096 0.9255 0.8413 0.76507 0.6263 0.44183 0.35838 0.32024 0.29411 0.2623 0.19782 0.14382 0.1052 0.076535 0.055501 0.039907 0.028585 0.02039 0.014492 0.010244 0.0071466 0.0049382 0.0033917 0.0023163 0.0018028 0.001424 0.001225 0.00085281 0.00032446 0.00021669 0.0001444 9.6045e-05 3.6895e-05 8.0162e-06 1.4485e-06
3.2351 4.2492 5.3373 4.3759 4.1122 3.785 3.9632 2.9821 2.8173 2.1552 2.0464 1.5805 1.1964 0.85276 0.77319 0.68244 0.62421 0.45293 0.33533 0.24685 0.17551 0.12738 0.092273 0.066317 0.047507 0.033918 0.024128 0.017094 0.011948 0.0082788 0.0057094 0.0038723 0.0025851 0.0021107 0.0019434 0.0016428 0.0017672 0.00036614 0.00024411 9.417e-05 2.0548e-05 3.7283e-06
7.9416 9.859 14.999 13.157 12.364 9.6337 10.098 7.7705 6.3159 5.6803 5.0901 4.1363 2.9985 2.1272 1.9098 1.7617 1.5587 1.1338 0.7855 0.57945 0.41083 0.29514 0.2125 0.15269 0.10972 0.078473 0.055998 0.039861 0.028286 0.019806 0.013778 0.0094184 0.0066511 0.0044457 0.0034146 0.0031988 0.0028471 0.0017504 0.0016742 0.00023932 5.2548e-05 9.5743e-06
19.535 21.563 44.853 43.038 35.109 30.361 27.115 21.314 16.978 15.413 13.424 10.502 7.64 5.5053 4.8938 4.457 4.061 2.7816 1.996 1.4018 1.001 0.70656 0.49943 0.35623 0.25396 0.18133 0.12917 0.091964 0.06541 0.046467 0.032568 0.022696 0.01568 0.010827 0.0077707 0.005226 0.0045169 0.0045171 0.0035558 0.00064056 0.00013394 2.4545e-05
47.801 49.539 114.43 116.72 102.4 90.488 78.418 62.339 46.557 41.179 37.237 28.085 20.233 14.143 12.539 11.405 10.243 7.0773 4.9706 3.5375 2.4652 1.7434 1.217 0.85673 0.60113 0.42455 0.30045 0.21265 0.15069 0.10688 0.075887 0.053225 0.037161 0.02579 0.017759 0.012021 0.0086887 0.0059771 0.0054542 0.0032216 0.00033969 6.2771e-05
116.79 116 256.85 308.09 295.7 258.69 234.3 163.7 128.7 112.35 99.781 76.259 53.857 37.091 32.838 29.712 26.488 18.416 12.74 8.9169 6.2294 4.3485 3.0477 2.1149 1.4724 1.0262 0.71478 0.5003 0.35137 0.24724 0.17445 0.12354 0.086539 0.060534 0.042002 0.029038 0.019927 0.014115 0.0099542 0.007051 0.00084463 0.00016002
280.69 286.53 519.12 704.83 781.12 705.36 656.17 454.45 354.05 299.04 272.56 205.58 142.19 98.641 85.769 78.551 68.362 48.136 32.953 22.886 15.944 11.076 7.7106 5.3438 3.6864 2.5455 1.758 1.2151 0.84046 0.58437 0.40755 0.28545 0.20097 0.14039 0.097889 0.068237 0.04713 0.032432 0.021897 0.011838 0.001917 0.00040587
587.26 587.26 1070.3 1487.3 1857.6 1923.7 1812.2 1286.8 962.66 829.44 732.05 548.67 380.75 260.07 226.22 202.76 177.06 124.87 85.115 59.044 41.001 28.392 19.643 13.598 9.3736 6.4309 4.4137 3.026 2.0741 1.4238 0.97941 0.67659 0.46969 0.32815 0.22799 0.1586 0.10993 0.076203 0.052724 0.020677 0.0088962 0.00017301
1210.6 1210.6 2199.9 3032.4 4181.5 4920.8 4962.3 3859.8 2812.9 2398 2118.9 1505.5 1006.1 692.9 595.88 535.8 464.96 321.9 220.61 151.99 105.27 72.831 50.401 34.746 23.94 16.426 11.215 7.6612 5.2218 3.556 2.4231 1.6542 1.132 0.77864 0.53921 0.37223 0.25719 0.17768 0.12306 0.052279 0.015604 0.00039293
2434.8 2696.9 2434.8 5736.2 8473.6 11443 12241 9620.2 6993.6 6545 6100.5 4487 2793.7 1862.6 1603.8 1432.5 1234 836.65 571.82 392.79 271.18 187.31 129.26 89.203 61.322 42.047 28.731 19.541 13.293 9.0181 6.11 4.1394 2.8072 1.9074 1.3009 0.89282 0.61162 0.41946 0.28825 0.12048 0.03721 0.0018305
4755.7 5405.1 8442 10622 4755.7 21753 25756 24923 19275 15420 13640 9965.8 6946.3 4937.4 4226.1 3782 3251.6 2184.3 1484.9 1017.4 699.5 482.43 332.44 228.76 157.38 107.83 73.656 50.143 33.975 23.034 15.566 10.504 7.0848 4.7806 3.2294 2.188 1.4899 1.0128 0.68932 0.2819 0.072701 0.0032757
8988.5 10580 16614 20962 8988.5 38880 48552 57060 43909 37200 33552 23601 16958 12307 10901 9772 8411.3 5624.2 3803.1 2608.3 1795.7 1239.3 854.28 587.76 403.37 276.74 188.98 128.64 87.282 58.96 39.846 26.84 18.054 12.134 8.1552 5.4847 3.6969 2.5011 1.6898 0.67678 0.16249 0.010043
16530 20336 30156 39349 52744 70665 84042 1.1789e+05 97015 86166 77089 60680 40577 29951 16530 24009 20846 14300 9755.9 6679.4 4603.2 3179.8 2193.1 1510 1036.8 709.39 485.12 330.21 224.04 151.51 102.31 68.789 46.211 30.999 20.776 13.92 9.3301 6.2639 4.2184 1.6624 0.38039 0.020082
31073 41588 55011 65607 82665 1.0989e+05 1.3089e+05 2.0205e+05 1.8452e+05 2.124e+05 1.7228e+05 1.4482e+05 94705 66543 59828 55071 49189 33818 23844 16689 11632 8076.3 5593.1 3861.2 2656.5 1821.1 1243 847.31 574.78 389.05 261.29 176.54 118.52 79.429 53.155 35.542 23.755 15.881 10.63 4.1717 0.92928 0.050182
58412 76501 96798 1.0357e+05 1.1134e+05 1.1972e+05 1.3555e+05 58412 3.878e+05 3.7938e+05 3.5715e+05 2.815e+05 1.9799e+05 1.4334e+05 1.2992e+05 1.2066e+05 1.0906e+05 79279 57584 40968 29066 20463 14222 9853.8 6795.4 4665.4 3190.4 2171.8 1472.9 998.34 673.83 451.52 304.24 203.8 136.29 91.023 60.74 40.515 27.028 10.569 2.1184 0.13035
1.1177e+05 1.5066e+05 1.9354e+05 2.0844e+05 2.2289e+05 2.3838e+05 2.4789e+05 2.7993e+05 2.9999e+05 3.0652e+05 3.1009e+05 1.1177e+05 4.2334e+05 3.2783e+05 2.9867e+05 2.7856e+05 2.5333e+05 1.9162e+05 1.4049e+05 1.0261e+05 73181 51634 36156 25143 17382 11954 8181.8 5575.7 3784.8 2559.4 1729.6 1164.3 779.17 523.28 349.8 233.49 155.65 103.69 69.04 26.782 5.3527 0.32037
2.2183e+05 2.9219e+05 3.7781e+05 4.1001e+05 4.3839e+05 5.1979e+05 5.5022e+05 6.1999e+05 6.6832e+05 6.8603e+05 6.9546e+05 7.0104e+05 6.7095e+05 6.0456e+05 5.7389e+05 5.5041e+05 5.1919e+05 4.2682e+05 3.3103e+05 2.4746e+05 1.8053e+05 1.2919e+05 91194 63794 44280 30538 20943 14293 9714.7 6574.1 4433.7 2988.7 2007.1 1341.8 898.23 599.33 399.34 265.79 176.78 68.233 13.435 0.12217
4.6022e+05 5.9409e+05 7.5616e+05 8.1411e+05 8.7081e+05 9.3221e+05 9.7025e+05 1.1024e+06 1.2536e+06 1.3307e+06 1.385e+06 1.9229e+06 1.6562e+06 1.4352e+06 1.3602e+06 1.304e+06 1.226e+06 1.0088e+06 7.9637e+05 6.0608e+05 4.4797e+05 3.2398e+05 2.3036e+05 1.62e+05 1.1287e+05 78051 53622 36644 24925 16887 11395 7664.1 5153.3 3452.9 2299.1 1539.2 1025.2 682.02 453.25 174.4 33.315 0.28593
1.0395e+06 1.2861e+06 1.5862e+06 1.6938e+06 1.7996e+06 1.9148e+06 1.9865e+06 2.2401e+06 2.4368e+06 2.525e+06 2.5923e+06 2.7333e+06 2.8372e+06 2.7793e+06 2.711e+06 2.6498e+06 2.553e+06 2.2179e+06 1.8572e+06 1.452e+06 1.0948e+06 8.0357e+05 5.7787e+05 4.0901e+05 2.8645e+05 1.988e+05 1.3696e+05 93776 63876 43323 29262 19693 13214 8864.8 5927.5 3939.6 2632.9 1750.9 1163.1 446.58 98.169 0.62959
2.6983e+06 3.1024e+06 3.6083e+06 3.7909e+06 3.9704e+06 4.1662e+06 4.2885e+06 4.7241e+06 5.0687e+06 5.2267e+06 5.3491e+06 5.6139e+06 5.8261e+06 5.7751e+06 5.6908e+06 5.606e+06 5.46e+06 4.9016e+06 4.1728e+06 3.3797e+06 2.622e+06 1.965e+06 1.4342e+06 1.0253e+06 7.2333e+05 5.0457e+05 3.4888e+05 2.3952e+05 1.6346e+05 1.11e+05 75070 50557 33950 22731 15218 10157 6733.7 4496.7 2986.2 1144.9 249.97 1.3041
8.4721e+06 8.7456e+06 9.2853e+06 9.4998e+06 9.7169e+06 9.959e+06 1.0112e+07 1.067e+07 1.1121e+07 1.133e+07 1.1494e+07 1.1849e+07 1.2125e+07 1.2059e+07 1.1932e+07 1.1801e+07 1.1569e+07 1.0638e+07 9.3256e+06 7.7861e+06 6.2092e+06 4.7594e+06 3.5335e+06 2.5568e+06 1.8195e+06 1.2771e+06 8.8697e+05 6.1085e+05 4.1785e+05 2.8423e+05 1.9242e+05 1.2978e+05 87182 58446 39028 26079 17375 11501 7669.3 2937.8 638.53 2.8393
3.0652e+07 2.8395e+07 2.7173e+07 2.692e+07 2.6729e+07 2.6575e+07 2.6502e+07 2.6351e+07 2.6314e+07 2.6309e+07 2.6306e+07 2.6275e+07 2.6068e+07 2.551e+07 2.5184e+07 2.4894e+07 2.4427e+07 2.2706e+07 2.0335e+07 1.7469e+07 1.433e+07 1.1281e+07 8.5619e+06 6.3076e+06 4.5365e+06 3.212e+06 2.2446e+06 1.5528e+06 1.0656e+06 7.2651e+05 4.9269e+05 3.3264e+05 2.2379e+05 1.5003e+05 1.0035e+05 66883 44614 29678 19616 7542 1634 322.07
8.7477e+07 8.1128e+07 7.5971e+07 7.4403e+07 7.2949e+07 7.1443e+07 7.0534e+07 7.3589e+07 7.5461e+07 7.6657e+07 7.4236e+07 6.0923e+07 5.8111e+07 5.5259e+07 5.4153e+07 5.3295e+07 5.2063e+07 4.8238e+07 4.3605e+07 3.8166e+07 3.2166e+07 2.6042e+07 2.0285e+07 1.5272e+07 1.1165e+07 8.0028e+06 5.6421e+06 3.9279e+06 2.7078e+06 1.8523e+06 1.2592e+06 8.5164e+05 5.7355e+05 3.849e+05 2.5759e+05 1.7185e+05 1.1442e+05 76204 50584 19369 4187.5 774.8
1.5067e+08 1.4622e+08 1.4499e+08 1.4487e+08 1.4475e+08 1.4457e+08 1.4439e+08 1.4311e+08 1.4105e+08 1.3966e+08 1.3831e+08 1.3419e+08 1.2728e+08 1.195e+08 1.1651e+08 1.1426e+08 1.1113e+08 1.0215e+08 9.24e+07 8.1731e+07 7.0345e+07 5.8438e+07 4.6776e+07 3.6128e+07 2.6981e+07 1.9668e+07 1.4042e+07 9.8649e+06 6.8457e+06 4.7052e+06 3.2096e+06 2.1762e+06 1.4683e+06 9.8666e+05 6.6079e+05 4.414e+05 2.9398e+05 1.9546e+05 1.2997e+05 49580 10741 1946.7
2.1961e+08 2.1299e+08 2.1206e+08 2.1263e+08 2.1353e+08 2.1484e+08 2.1581e+08 2.2017e+08 2.2448e+08 2.2665e+08 2.2838e+08 2.3205e+08 2.3374e+08 2.3001e+08 2.2723e+08 2.2471e+08 2.2069e+08 2.0677e+08 1.895e+08 1.6987e+08 1.4857e+08 1.2629e+08 1.0395e+08 8.2472e+07 6.3421e+07 4.7305e+07 3.4388e+07 2.4488e+07 1.7162e+07 1.188e+07 8.1461e+06 5.5439e+06 3.7505e+06 2.5252e+06 1.6936e+06 1.1322e+06 7.5504e+05 5.0211e+05 3.3334e+05 1.2783e+05 27570 5065.4
2.9305e+08 2.8382e+08 2.8209e+08 2.8266e+08 2.8366e+08 2.8519e+08 2.8637e+08 2.9195e+08 2.9823e+08 3.0189e+08 3.0521e+08 3.1477e+08 3.2979e+08 3.4459e+08 3.4911e+08 3.5194e+08 3.5489e+08 3.562e+08 3.4503e+08 3.2399e+08 2.9407e+08 2.5832e+08 2.1961e+08 1.8052e+08 1.4339e+08 1.1018e+08 8.2128e+07 5.9661e+07 4.2444e+07 2.9707e+07 2.0533e+07 1.4054e+07 9.5471e+06 6.447e+06 4.333e+06 2.9011e+06 1.9364e+06 1.2895e+06 8.5664e+05 3.2822e+05 70705 12880
3.5937e+08 3.478e+08 3.4534e+08 3.4592e+08 3.4701e+08 3.4873e+08 3.5006e+08 3.5647e+08 3.6373e+08 3.6797e+08 3.7183e+08 3.8305e+08 4.0179e+08 4.2428e+08 4.3335e+08 4.4034e+08 4.5012e+08 4.7693e+08 4.9912e+08 5.0879e+08 4.996e+08 4.7004e+08 4.2354e+08 3.6614e+08 3.0425e+08 2.4349e+08 1.8807e+08 1.4073e+08 1.0249e+08 7.3017e+07 5.1125e+07 3.5323e+07 2.4156e+07 1.639e+07 1.1053e+07 7.4184e+06 4.96e+06 3.3062e+06 2.1988e+06 8.4169e+05 1.8183e+05 33051
4.2227e+08 4.0842e+08 4.1074e+08 4.1129e+08 4.1246e+08 4.1435e+08 4.1035e+08 4.1755e+08 4.2575e+08 4.3056e+08 4.3493e+08 4.4767e+08 4.6891e+08 4.9439e+08 5.0472e+08 5.1276e+08 5.2422e+08 5.5845e+08 5.9667e+08 6.3639e+08 6.709e+08 6.8918e+08 6.806e+08 6.4079e+08 5.7391e+08 4.8979e+08 3.9971e+08 3.1324e+08 2.3687e+08 1.7378e+08 1.244e+08 8.7351e+07 6.0436e+07 4.1346e+07 2.8045e+07 1.8899e+07 1.2672e+07 8.4638e+06 5.6355e+06 2.1621e+06 4.6711e+05 84801
4.7593e+08 4.6011e+08 4.5628e+08 4.5683e+08 4.5806e+08 4.6008e+08 4.6168e+08 4.6952e+08 4.7851e+08 4.8378e+08 4.8859e+08 5.0263e+08 5.2607e+08 5.5424e+08 5.6567e+08 5.7455e+08 5.872e+08 6.2498e+08 6.6748e+08 7.1454e+08 7.6559e+08 8.1807e+08 8.6441e+08 8.908e+08 8.8209e+08 8.304e+08 7.4018e+08 6.2556e+08 5.0361e+08 3.8856e+08 2.8923e+08 2.0913e+08 1.4781e+08 1.0268e+08 7.0398e+07 4.7797e+07 3.2216e+07 2.1594e+07 1.4414e+07 5.5499e+06 1.1999e+06 2.1765e+05
5.1996e+08 5.025e+08 4.9811e+08 4.9864e+08 4.999e+08 5.0202e+08 5.0371e+08 5.1204e+08 5.2164e+08 5.273e+08 5.3245e+08 5.4752e+08 5.7274e+08 6.0311e+08 6.1545e+08 6.2504e+08 6.3872e+08 6.7955e+08 7.255e+08 7.7631e+08 8.3161e+08 8.9102e+08 9.5384e+08 1.0175e+09 1.074e+09 1.1071e+09 1.0973e+09 1.0327e+09 9.1754e+08 7.7024e+08 6.1414e+08 4.6858e+08 3.4485e+08 2.4673e+08 1.7276e+08 1.1904e+08 8.1053e+07 5.4711e+07 3.6694e+07 1.4211e+07 3.0808e+06 5.5814e+05
5.5507e+08 5.363e+08 5.3145e+08 5.3194e+08 5.3322e+08 5.3541e+08 5.3717e+08 5.4587e+08 5.5594e+08 5.6188e+08 5.673e+08 5.8316e+08 6.0977e+08 6.4186e+08 6.5491e+08 6.6505e+08 6.7954e+08 7.2282e+08 7.7159e+08 8.2556e+08 8.8429e+08 9.473e+08 1.014e+09 1.0839e+09 1.1564e+09 1.2289e+09 1.2932e+09 1.3314e+09 1.3199e+09 1.2423e+09 1.1021e+09 9.2141e+08 7.301e+08 5.5284e+08 4.0365e+08 2.8663e+08 1.9931e+08 1.365e+08 9.2456e+07 3.6253e+07 7.8929e+06 1.4354e+06
5.825e+08 5.6269e+08 5.5746e+08 5.5793e+08 5.5922e+08 5.6146e+08 5.6327e+08 5.7225e+08 5.8267e+08 5.8882e+08 5.9445e+08 6.109e+08 6.3856e+08 6.7195e+08 6.8554e+08 6.9612e+08 7.1121e+08 7.5639e+08 8.0734e+08 8.6378e+08 9.2527e+08 9.9127e+08 1.0611e+09 1.1343e+09 1.2101e+09 1.288e+09 1.3674e+09 1.4463e+09 1.5163e+09 1.5583e+09 1.5449e+09 1.4553e+09 1.291e+09 1.0775e+09 8.5079e+08 6.4117e+08 4.6567e+08 3.289e+08 2.2757e+08 9.1653e+07 2.023e+07 3.6862e+06
6.0359e+08 5.8297e+08 5.7745e+08 5.779e+08 5.7919e+08 5.8146e+08 5.833e+08 5.9249e+08 6.0317e+08 6.0948e+08 6.1526e+08 6.3216e+08 6.606e+08 6.9496e+08 7.0897e+08 7.1986e+08 7.3542e+08 7.8201e+08 8.3462e+08 8.9295e+08 9.5655e+08 1.0249e+09 1.0972e+09 1.173e+09 1.2515e+09 1.3321e+09 1.4143e+09 1.4976e+09 1.5817e+09 1.6648e+09 1.7388e+09 1.7837e+09 1.7689e+09 1.6689e+09 1.4825e+09 1.2376e+09 9.7592e+08 7.3358e+08 5.3105e+08 2.2688e+08 5.1591e+07 9.4551e+06
