2.1354e-05 0.003471 0.00036977 0.0003391 0.00031338 0.0015479 7.6282e-05 7.4098e-06 2.1354e-05 5.5402e-06 5.1254e-06 2.1354e-05 2.1354e-05 2.1354e-05 2.1354e-05 2.1354e-05 2.1354e-05 2.1354e-05 2.1354e-05 8.4122e-07 0.26168 0.065503 2.9778e-07 2.0831e-07 1.4509e-07 1.0061e-07 6.9534e-08 4.79e-08 3.2897e-08 2.2527e-08 1.5381e-08 1.0473e-08 7.1113e-09 4.8161e-09 3.2536e-09 2.1927e-09 1.4743e-09 9.8929e-10 6.625e-10 2.5812e-10 5.6971e-11 1.0669e-11
0.14391 0.019586 0.00072439 0.00046989 0.00039727 0.00047981 0.00042764 1.9098e-05 1.5645e-05 1.4223e-05 1.3156e-05 1.0843e-05 8.7688e-06 0.14391 430.2 1.3464e-05 0.14391 0.14391 0.14391 2.1501e-06 0.0085402 0.21613 7.6583e-07 5.3607e-07 3.7311e-07 2.5881e-07 1.7883e-07 1.232e-07 8.4609e-08 5.7937e-08 3.9559e-08 2.6935e-08 1.829e-08 1.2387e-08 8.3678e-09 5.6393e-09 3.7919e-09 2.5444e-09 1.7037e-09 6.6386e-10 1.4651e-10 2.7427e-11
969.85 969.85 969.85 0.66569 1.9168 0.68784 0.40199 0.0002045 4.0183e-05 3.6476e-05 3.3756e-05 2.7837e-05 2.5496e-05 1.7539e-05 969.85 1.468e-05 1.3688e-05 969.85 969.85 5.4032e-06 0.0082652 0.087496 1.9697e-06 1.3789e-06 9.61e-07 6.6555e-07 4.6003e-07 3.1685e-07 2.1761e-07 1.4901e-07 1.0174e-07 6.9275e-08 4.704e-08 3.1858e-08 2.1521e-08 1.4504e-08 9.7525e-09 6.5437e-09 4.3821e-09 1.7071e-09 3.7661e-10 7.0555e-11
657.79 1.8744 0.65446 0.94172 2.6882 1.4799 0.98669 0.64718 0.69654 0.44343 0.46791 7.1655e-05 5.5346e-05 4.4417e-05 4.0343e-05 3.8419e-05 4.7735e-05 0.0070439 657.79 1.3694e-05 9.9175e-06 0.0040601 5.0503e-06 3.5457e-06 2.4699e-06 1.7114e-06 1.184e-06 8.1505e-07 5.5966e-07 3.8325e-07 2.6168e-07 1.7817e-07 1.2098e-07 8.1935e-08 5.535e-08 3.7303e-08 2.5082e-08 1.683e-08 1.127e-08 4.3909e-09 9.6869e-10 1.8144e-10
638.7 19.697 6.5675 0.99111 4.1329 2.0247 1.2795 0.69664 0.7109 0.77237 0.84595 0.64539 0.56965 0.00011037 0.00010049 9.8914e-05 8.5406e-05 126.48 4.2904 638.7 2.5302e-05 0.28658 1.2879e-05 9.0901e-06 638.7 4.4051e-06 3.0376e-06 2.0967e-06 1.4397e-06 9.8566e-07 6.7303e-07 4.5825e-07 3.1116e-07 2.1073e-07 1.4236e-07 9.5939e-08 6.4511e-08 4.3285e-08 2.8985e-08 1.1293e-08 2.4914e-09 4.664e-10
1061.9 35.805 11.244 13.158 1.3238 3.2276 1.2454 0.83077 0.99239 0.86496 0.88018 1.0642 0.58886 0.070356 0.066093 0.067791 0.072489 0.00016517 0.00012268 8.9695e-05 6.4753e-05 7.6726 3.2785e-05 2.3169e-05 1.629e-05 1.1325e-05 7.8304e-06 5.3944e-06 3.7046e-06 2.5303e-06 1.7437e-06 1.1786e-06 8.003e-07 5.4199e-07 3.6614e-07 2.4675e-07 1.6592e-07 1.1133e-07 7.455e-08 2.9045e-08 6.4084e-09 1.1997e-09
1849.6 1400.7 1114.4 1276.8 1496.5 21.317 6.3538 16.505 1.1561 0.98971 0.89807 0.93473 0.60803 0.099188 0.065503 0.065925 0.071993 0.0051463 0.00034271 0.00022999 0.00016604 66.884 8.3715e-05 5.8991e-05 4.1495e-05 2.9066e-05 2.0124e-05 1.3873e-05 9.5296e-06 6.5277e-06 4.4504e-06 3.028e-06 2.025e-06 1.394e-06 9.4168e-07 6.3462e-07 4.2673e-07 2.8632e-07 1.9173e-07 7.4702e-08 1.6481e-08 3.0854e-09
1887.8 1594 1189.3 1195.7 1887.8 1290.3 1042.6 251.52 401.87 189.73 1.0142 1.5592 0.69895 0.159 0.068621 0.065795 0.06996 0.010137 0.0061408 0.001542 0.00042212 0.0003031 0.00021415 0.00015064 0.00010583 7.3917e-05 5.1602e-05 3.5646e-05 2.4505e-05 1.678e-05 1.1459e-05 7.7973e-06 5.312e-06 3.5783e-06 2.5697e-06 1.6322e-06 1.0975e-06 7.364e-07 4.9312e-07 1.9212e-07 4.239e-08 7.9357e-09
1926.8 1760.3 1221.5 1201.9 1300.7 1367.4 1264 321.8 397.95 441.54 346.79 184.48 1.5917 0.2409 1.685 0.09781 0.071706 0.021058 0.0073577 0.0021843 0.0011735 0.00077319 0.00054837 0.0003854 0.00026978 0.00018828 0.00013129 9.1411e-05 6.295e-05 4.3157e-05 2.9467e-05 2.0065e-05 1.3628e-05 9.1602e-06 6.2577e-06 4.1442e-06 3.2062e-06 1.894e-06 1.2683e-06 4.9413e-07 1.0902e-07 2.0414e-08
2115.3 1859 1304.1 1246.3 1292.6 1396.5 1386.5 468.25 392.56 474.85 433.15 188.36 214.86 76.205 24.564 7.9257 0.09909 0.040157 0.20768 0.010222 0.0029892 0.0019847 0.0014036 0.00098304 0.00068998 0.00048087 0.00033449 0.00023246 0.00016144 0.00011084 7.5786e-05 5.1605e-05 3.5049e-05 2.3721e-05 1.6022e-05 1.0954e-05 7.3366e-06 4.4023e-06 3.5958e-06 1.2708e-06 2.804e-07 5.2495e-08
2355.4 1921.6 1403 1337 1320.5 1414.4 1458.7 709.17 395.66 483.78 504.37 226.93 237.35 95.14 46.302 16.385 4.5187 2.188 0.2485 0.021911 0.0086677 0.0057582 0.003621 0.0025165 0.0017614 0.0012301 0.00085433 0.00059227 0.00041029 0.00028425 0.00019459 0.00013271 9.011e-05 6.1043e-05 4.1237e-05 2.7783e-05 1.8673e-05 1.2484e-05 8.2795e-06 5.7475e-06 7.2116e-07 1.3503e-07
2665.9 2066.6 1592.7 1456.7 1409.7 1452 1503.4 1034.5 441.38 487.07 541.8 299.95 249.79 108.31 72.607 33.585 8.1777 2.5733 0.31436 0.13912 0.05054 0.016918 0.010119 0.0069115 0.0045197 0.0031419 0.0021847 0.0015125 0.0010454 0.00072202 0.00049904 0.00034066 0.00023176 0.00015695 0.00010605 7.1336e-05 4.8037e-05 3.2173e-05 2.1896e-05 7.9635e-06 1.8547e-06 3.4727e-07
3213.4 2398.3 1990.8 1678.4 1555.8 1518.2 1565.2 1377.9 572.15 510.88 559.66 404.88 250.04 122.85 95.968 58.959 17.252 3.0091 0.54567 0.24526 0.094647 0.04107 0.026472 0.017789 0.012262 0.0084428 0.0055888 0.0038615 0.002669 0.0018395 0.0012668 0.00087353 0.00059472 0.00040363 0.00027268 0.0001838 0.00012352 8.2905e-05 5.5438e-05 2.1094e-05 1.4441e-05 8.9314e-07
4287.1 3208.3 2804.6 2237.8 1869.5 1698.7 1677.6 1698.4 822.69 604.37 591.17 535.87 251.23 148.23 113.42 88.125 35.548 3.7555 1.155 0.44188 0.199 0.1022 0.068068 0.046018 0.031214 0.021748 0.014804 0.010147 0.0068111 0.0046938 0.0032265 0.0022159 0.0015236 0.0010354 0.00070114 0.00047256 0.00031783 0.00021318 0.00014282 5.5779e-05 2.0857e-05 2.297e-06
5734.5 5734.5 4322.8 3647.6 2793.9 2190 1998 1960.1 1239.8 816.78 686.83 650.33 269.32 188.82 138.11 112.4 65.034 6.1388 2.4754 0.86355 0.44362 0.26061 0.16817 0.11529 0.079533 0.055021 0.037702 0.025881 0.017769 0.012158 0.0082252 0.0056407 0.0038644 0.0026498 0.001798 0.001215 0.00081712 0.00054836 0.00036707 0.00014252 3.5428e-05 1.2465e-05
8291.3 8291.3 6909.9 6325.2 5042.5 3578.4 2959.2 2288.2 1801.2 1243.3 927.66 774.64 339.92 243.21 175.56 143.06 103.71 12.212 5.1783 1.9229 1.1026 0.66471 0.42911 0.29066 0.19947 0.13812 0.094822 0.065404 0.045057 0.030937 0.021195 0.014484 0.009828 0.0067175 0.0045953 0.0031137 0.0021002 0.0014096 0.00094427 0.00036762 8.2629e-05 2.831e-05
12593 11411 12593 11322 9918.6 7473.9 5875.6 3084.1 2511.9 1986.6 1485.5 980.38 498.28 323.55 253.28 203.52 154.3 27.576 11.331 4.8827 2.8459 1.7417 1.1186 0.74088 0.49807 0.34392 0.23813 0.16361 0.11317 0.078025 0.053618 0.036744 0.025114 0.017131 0.011638 0.007945 0.0053779 0.0036217 0.0024268 0.00094642 0.00020874 7.9166e-05
19427 18495 17376 16672 19427 16481 13708 5822.9 3843 3251.6 2547.1 1466.9 813.04 485.77 397.67 325.43 246.79 72.093 26.468 13.046 7.6264 4.5959 2.9285 1.8928 1.2729 0.86503 0.596 0.40896 0.28184 0.19488 0.13438 0.092419 0.063364 0.043335 0.029569 0.020143 0.013698 0.009262 0.0062297 0.0024317 0.00053478 7.9167e-05
28857 29595 28848 28428 28857 34039 30807 14410 7544.4 5930.2 4866.5 2649.7 1503.5 846.74 711.95 599.23 461.17 185.05 66.902 35.293 20.937 12.459 7.8014 4.9438 3.2832 2.2033 1.5041 1.028 0.7054 0.48492 0.33454 0.2304 0.15842 0.10868 0.074391 0.050774 0.034581 0.023517 0.015905 0.0062426 0.0013835 0.00026682
38197 42245 51571 65979 67003 64962 62309 37435 18070 13143 10383 6006.7 3148.1 1722.6 38197 1227.2 956.5 452.72 181.76 95.613 54.358 32.774 20.534 13.044 8.5343 5.6668 3.8417 2.61 1.7803 1.2184 0.83629 0.57357 0.39389 0.27041 0.18546 0.12695 0.086688 0.05909 0.040197 0.015986 0.0035427 0.00066883
40437 92957 1.0318e+05 1.0623e+05 1.0949e+05 1.1005e+05 1.0967e+05 83780 46154 36246 31279 16784 7050.9 3604.9 2987.3 2574.4 2035.1 1031.3 467.39 248.58 141.13 84.908 52.629 33.769 22.076 14.642 9.8316 6.6634 4.5289 3.0886 2.099 1.4398 0.98421 0.67325 0.46072 0.31528 0.21559 0.14724 0.10038 0.040612 0.0091055 0.0017216
42809 61611 74658 77574 82464 84358 1.5837e+05 42809 1.5477e+05 1.1158e+05 83262 41175 17378 8031.8 6485.5 5566.5 4499.7 2368 1207.9 625.9 359.5 220.85 136.3 87.239 56.955 37.704 25.275 17.066 11.57 7.8803 5.366 3.6368 2.4854 1.6922 1.1524 0.78518 0.53528 0.3651 0.24898 0.10195 0.023276 0.0043791
1824.7 1.0348e+05 1.5922e+05 1.7408e+05 1.8607e+05 1.9736e+05 2.033e+05 1.9801e+05 1.513e+05 1.1947e+05 94953 1824.7 48404 21689 16847 14248 11351 5906.4 3048.3 1628.3 929.81 561.65 347.48 223.12 146.3 96.796 64.883 43.805 29.683 20.148 13.718 9.3271 6.3157 4.298 2.9149 1.9766 1.3405 0.9098 0.61808 0.25196 0.059117 0.011279
2169.6 3321.9 4097.1 4400.5 4908 2.7339e+05 3.3143e+05 4.7899e+05 4.6054e+05 4.0517e+05 3.4397e+05 1.9322e+05 81422 38701 31642 27715 23528 13731 7263.8 3948.7 2285.8 1382.1 871.26 562.61 371.33 246.95 165.96 112.23 76.156 51.698 35.108 23.883 16.212 10.965 7.4326 5.0244 3.3943 2.2924 1.5491 0.6239 0.14857 0.028813
3031.5 4228.5 5485.9 6013.2 6743.1 8206.4 9049.4 12962 17697 20484 23115 4.6961e+05 2.8077e+05 1.3142e+05 99843 82524 64804 34642 18556 10055 5776.7 3507.2 2214.6 1430.7 946.73 633.01 424.88 287.6 195.26 132.7 90.144 61.17 41.558 28.155 18.967 12.848 8.6614 5.8334 3.9263 1.5611 0.36965 0.073287
5068.9 7059.7 10118 11389 12851 14722 16293 24086 33585 39404 44086 57831 78510 96125 96757 96605 93426 67664 43041 24848 14455 8844.3 5580.3 3626.9 2402.4 1608.9 1085.6 736 500.24 340.35 231.4 157.1 106.48 72.223 48.838 32.829 22.187 14.92 10.022 3.9515 0.91528 0.18428
12735 17108 25684 30037 34696 40807 45379 68242 95765 1.1265e+05 1.2862e+05 1.7575e+05 2.4369e+05 2.6692e+05 2.6145e+05 2.5161e+05 2.3369e+05 1.6164e+05 96253 55620 33050 20587 13329 8822.6 5935.3 4023.2 2738.3 1866.2 1274 869.22 592.34 402.73 273.31 185.03 125.28 84.559 56.682 38.259 25.673 10.076 2.2907 0.45995
7.0756e+06 7.3366e+05 3.9007e+05 3.7285e+05 3.9552e+05 4.1117e+05 4.4466e+05 5.6387e+05 6.948e+05 7.8474e+05 8.5329e+05 1.0017e+06 1.0884e+06 8.9582e+05 7.813e+05 6.9499e+05 5.7789e+05 3.4121e+05 2.009e+05 1.2168e+05 75873 48867 32349 21798 14796 10211 7040.5 4749.8 3249.9 2222.8 1516.9 1033.1 701.5 475.59 321.21 217.06 146.2 97.803 65.882 25.803 5.7998 1.149
2.7927e+06 2.6786e+06 2.5114e+06 2.4497e+06 2.3898e+06 2.3227e+06 2.2933e+06 2.2088e+06 2.1611e+06 2.1458e+06 2.1172e+06 2.016e+06 1.7181e+06 1.2829e+06 1.1217e+06 1.0049e+06 8.5738e+05 5.4275e+05 3.4418e+05 2.2633e+05 1.5139e+05 1.0431e+05 74057 51706 35941 25007 17361 11974 8256.1 5661 3874.6 2643.4 1798.9 1219.9 825.33 556.44 375.25 252.3 168.46 66.192 14.788 2.895
4.8013e+05 4.2625e+05 3.6136e+05 3.3943e+05 3.1919e+05 2.9908e+05 2.8784e+05 3.7558e+05 3.7314e+05 3.7942e+05 3.8743e+05 4.2559e+05 4.922e+05 5.4749e+05 5.5719e+05 5.597e+05 5.5846e+05 5.2261e+05 4.4721e+05 3.776e+05 2.7752e+05 2.115e+05 1.5836e+05 1.1655e+05 84240 60205 42528 29787 20714 14319 9848.7 6742.1 4597.5 3123.5 2115.8 1428.2 961.71 647.42 434.18 169.92 37.844 7.2932
1.7891e+06 1.5852e+06 1.3289e+06 1.24e+06 1.1572e+06 1.074e+06 1.026e+06 8.8346e+05 8.005e+05 7.7089e+05 7.5113e+05 7.1877e+05 7.0227e+05 6.933e+05 6.8692e+05 6.8008e+05 6.6821e+05 6.2574e+05 5.7361e+05 5.165e+05 4.6828e+05 4.0113e+05 3.2808e+05 2.5703e+05 1.9448e+05 1.4345e+05 1.0366e+05 73751 51860 36129 24984 17172 11742 7993.8 5421.4 3665.4 2469.5 1659.9 1115.3 434.87 97.027 18.53
4.5688e+06 4.1946e+06 3.6676e+06 3.4709e+06 3.2806e+06 3.0819e+06 2.964e+06 2.5902e+06 2.3489e+06 2.3144e+06 2.175e+06 2.0174e+06 1.8106e+06 1.6982e+06 1.6438e+06 1.603e+06 1.5467e+06 1.394e+06 1.2496e+06 1.1148e+06 9.8248e+05 8.4424e+05 7.0874e+05 5.7284e+05 4.4832e+05 3.4004e+05 2.5121e+05 1.8172e+05 1.2933e+05 90892 63249 43667 29956 20441 13886 9397.7 6340.5 4263.2 2859.8 1121.1 249 47.3
6.244e+06 5.8163e+06 5.2431e+06 5.0297e+06 4.8216e+06 4.6009e+06 4.4682e+06 4.0401e+06 3.757e+06 3.6428e+06 3.5599e+06 3.3907e+06 3.226e+06 3.0918e+06 3.0417e+06 3.0029e+06 2.947e+06 2.7729e+06 2.5598e+06 2.3368e+06 2.086e+06 1.8072e+06 1.5379e+06 1.2728e+06 1.022e+06 7.9556e+05 6.0148e+05 4.4339e+05 3.2015e+05 2.2741e+05 1.5949e+05 1.1073e+05 76268 52194 35531 24082 16262 10949 7349.5 2878.6 638.54 121.04
7.7014e+06 7.176e+06 6.4723e+06 6.2104e+06 5.9551e+06 5.6843e+06 5.5214e+06 4.9968e+06 4.6521e+06 4.5148e+06 4.4169e+06 4.2275e+06 4.084e+06 4.0377e+06 4.037e+06 4.0401e+06 4.0476e+06 4.0666e+06 4.0416e+06 3.9291e+06 3.7135e+06 3.4052e+06 3.0291e+06 2.6122e+06 2.1821e+06 1.7641e+06 1.3798e+06 1.047e+06 7.7354e+05 5.5915e+05 3.972e+05 2.7835e+05 1.93e+05 1.3271e+05 90645 61583 41655 28072 18864 7381.8 1642.1 310.17
9.0805e+06 8.4615e+06 7.7417e+06 7.4289e+06 7.124e+06 6.8005e+06 6.513e+06 5.8947e+06 5.4881e+06 5.326e+06 5.2102e+06 4.9854e+06 4.8131e+06 4.7565e+06 4.7573e+06 4.7641e+06 4.781e+06 4.8668e+06 4.9978e+06 5.1456e+06 5.254e+06 5.2479e+06 5.0699e+06 4.7074e+06 4.1935e+06 3.5861e+06 2.9485e+06 2.3361e+06 1.7895e+06 1.3312e+06 9.6655e+05 6.8832e+05 4.8283e+05 3.3474e+05 2.2998e+05 1.5688e+05 1.0642e+05 71864 48349 18962 4218.4 795.73
1.0257e+07 9.5574e+06 8.6221e+06 8.274e+06 7.9346e+06 7.5747e+06 7.3582e+06 6.6602e+06 6.201e+06 6.0178e+06 5.8869e+06 5.6325e+06 5.4368e+06 5.3707e+06 5.3706e+06 5.3774e+06 5.3949e+06 5.4867e+06 5.6346e+06 5.8341e+06 6.0806e+06 6.3542e+06 6.5972e+06 6.709e+06 6.5867e+06 6.1802e+06 5.5201e+06 4.6965e+06 3.8191e+06 2.9826e+06 2.2496e+06 1.6489e+06 1.1813e+06 8.3146e+05 5.7736e+05 3.968e+05 2.7056e+05 1.8336e+05 1.2366e+05 48674 10836 2042.5
1.1221e+07 1.0456e+07 9.4331e+06 9.0525e+06 8.6812e+06 8.2876e+06 8.0509e+06 7.2875e+06 6.7851e+06 6.5846e+06 6.4414e+06 6.1628e+06 5.9479e+06 5.8747e+06 5.8741e+06 5.881e+06 5.8998e+06 5.9979e+06 6.1562e+06 6.3694e+06 6.6354e+06 6.955e+06 7.3266e+06 7.7325e+06 8.1121e+06 8.3428e+06 8.2773e+06 7.8231e+06 7.0015e+06 5.9354e+06 4.7877e+06 3.6991e+06 2.7579e+06 1.9987e+06 1.4172e+06 9.8832e+05 6.8076e+05 4.6457e+05 3.1482e+05 1.2464e+05 27822 5237.3
1.199e+07 1.1173e+07 1.008e+07 9.6729e+06 9.2763e+06 8.8557e+06 8.6028e+06 7.7872e+06 7.2503e+06 7.0361e+06 6.8829e+06 6.585e+06 6.3549e+06 6.2759e+06 6.2749e+06 6.2821e+06 6.3017e+06 6.4053e+06 6.5729e+06 6.7984e+06 7.0795e+06 7.4164e+06 7.8092e+06 8.2579e+06 8.7603e+06 9.2987e+06 9.8086e+06 1.0149e+07 1.0132e+07 9.6203e+06 8.6215e+06 7.2903e+06 5.8466e+06 4.4818e+06 3.3126e+06 2.3804e+06 1.6742e+06 1.1591e+06 7.9329e+05 3.1795e+05 71279 13469
1.259e+07 1.1732e+07 1.0584e+07 1.0157e+07 9.7408e+06 9.2991e+06 9.0336e+06 8.1772e+06 7.6133e+06 7.3883e+06 7.2274e+06 6.9144e+06 6.6723e+06 6.5886e+06 6.5873e+06 6.5946e+06 6.6149e+06 6.7227e+06 6.8975e+06 7.1329e+06 7.4265e+06 7.7784e+06 8.1882e+06 8.6556e+06 9.1794e+06 9.7573e+06 1.0385e+07 1.1045e+07 1.167e+07 1.2104e+07 1.2123e+07 1.1545e+07 1.0358e+07 8.7468e+06 6.9876e+06 5.3272e+06 3.9127e+06 2.7935e+06 1.9527e+06 8.0384e+05 1.8269e+05 34591
1.3052e+07 1.2162e+07 1.0972e+07 1.0529e+07 1.0098e+07 9.6398e+06 9.3645e+06 8.4768e+06 7.8921e+06 7.6588e+06 7.492e+06 7.1672e+06 6.9158e+06 6.8286e+06 6.827e+06 6.8344e+06 6.8551e+06 6.9661e+06 7.1464e+06 7.3893e+06 7.6925e+06 8.056e+06 8.4794e+06 8.9624e+06 9.5035e+06 1.01e+07 1.0747e+07 1.1443e+07 1.218e+07 1.2942e+07 1.3661e+07 1.4172e+07 1.4216e+07 1.3566e+07 1.2189e+07 1.029e+07 8.2038e+06 6.2322e+06 4.5576e+06 1.99e+06 4.6591e+05 88725
