0.34154 0.34164 0.34175 0.3418 0.34184 0.34177 0.34188 0.34206 0.34154 0.34228 0.34235 0.34154 0.34154 0.34154 0.34154 0.34154 0.34154 0.34154 0.34154 0.34703 0.34725 0.34723 0.34722 0.34712 0.34713 0.34713 0.34715 0.34719 0.34724 0.3473 0.34739 0.3475 0.34766 0.34787 0.34816 0.34855 0.34907 0.34978 0.35076 0.35468 0.3724 0.45627
0.2211 0.34111 0.34164 0.34167 0.34134 0.34174 0.34177 0.34177 0.34199 0.34205 0.3421 0.34226 0.34254 0.2211 0.34307 0.3432 0.2211 0.2211 0.2211 0.34628 0.34702 0.34726 0.34724 0.34723 0.34714 0.34715 0.34716 0.34719 0.34724 0.3473 0.34739 0.3475 0.34766 0.34787 0.34816 0.34855 0.34907 0.34978 0.35074 0.35468 0.37239 0.45619
0.21781 0.24085 0.31762 0.31899 0.33994 0.34008 0.34032 0.34173 0.34183 0.34176 0.34185 0.34204 0.34225 0.34252 0.21781 0.34273 0.34288 0.21781 0.21781 0.34491 0.34619 0.34702 0.34727 0.34725 0.34725 0.34716 0.34718 0.34719 0.34724 0.3473 0.34739 0.3475 0.34766 0.34787 0.34816 0.34855 0.34907 0.34977 0.35075 0.35466 0.37231 0.45621
0.21442 0.23771 0.25944 0.26619 0.27242 0.32115 0.32203 0.32519 0.33959 0.33952 0.34063 0.34217 0.34203 0.34223 0.34232 0.34239 0.3425 0.34286 0.21442 0.34398 0.34485 0.3461 0.34701 0.34727 0.34727 0.34727 0.34729 0.34722 0.34724 0.3473 0.34739 0.3475 0.34766 0.34787 0.34816 0.34855 0.34907 0.34978 0.35075 0.35467 0.37233 0.45621
0.21107 0.23436 0.25631 0.26338 0.26972 0.27626 0.28016 0.29313 0.32713 0.32837 0.32934 0.33978 0.34074 0.34202 0.34208 0.3422 0.34222 0.34248 0.34283 0.21107 0.34394 0.3448 0.34601 0.34701 0.34727 0.34729 0.3473 0.34732 0.34726 0.34731 0.34739 0.3475 0.34766 0.34787 0.34816 0.34855 0.34907 0.34978 0.35074 0.35466 0.37233 0.45611
0.20754 0.23101 0.25327 0.26025 0.26672 0.2734 0.27737 0.29088 0.30061 0.30508 0.30837 0.33116 0.33996 0.34072 0.34074 0.34094 0.34158 0.34221 0.34247 0.34281 0.34327 0.3439 0.34475 0.34593 0.34702 0.34727 0.34732 0.34733 0.34737 0.34733 0.34739 0.3475 0.34766 0.34787 0.34816 0.34855 0.34907 0.34978 0.35075 0.35467 0.37234 0.45614
0.20374 0.22738 0.25001 0.25713 0.26375 0.27055 0.27464 0.2883 0.29833 0.30308 0.30657 0.31444 0.33354 0.34064 0.34065 0.34074 0.34085 0.34127 0.34198 0.34245 0.34279 0.34325 0.34386 0.3447 0.34586 0.34703 0.34728 0.34736 0.34738 0.34744 0.34741 0.34751 0.34766 0.34787 0.34816 0.34855 0.34907 0.34978 0.35075 0.35467 0.37234 0.45613
0.19939 0.22345 0.2464 0.25364 0.19939 0.26744 0.27162 0.28575 0.29614 0.30081 0.30443 0.31286 0.32176 0.33548 0.33623 0.33676 0.33698 0.34098 0.34129 0.3419 0.34233 0.34277 0.34322 0.34383 0.34466 0.3458 0.34704 0.3473 0.3474 0.34745 0.34752 0.34753 0.34767 0.34787 0.34816 0.34855 0.34907 0.34978 0.35075 0.35467 0.37234 0.45613
0.19513 0.21909 0.24234 0.24975 0.25667 0.26387 0.26822 0.28279 0.29363 0.29851 0.30231 0.31087 0.32018 0.32723 0.32926 0.33051 0.33697 0.33799 0.34107 0.34139 0.34178 0.34228 0.34274 0.3432 0.3438 0.34462 0.34574 0.34707 0.34732 0.34747 0.34753 0.34764 0.34769 0.34788 0.34816 0.34855 0.34907 0.34978 0.35075 0.35467 0.37234 0.45617
0.18987 0.21399 0.23761 0.24518 0.25227 0.25967 0.26414 0.27923 0.29056 0.29565 0.29967 0.30871 0.31862 0.3258 0.32813 0.3295 0.33117 0.33806 0.33874 0.34114 0.34146 0.34183 0.34226 0.34266 0.34317 0.34377 0.34458 0.34569 0.3471 0.34737 0.34755 0.34765 0.3478 0.3479 0.34816 0.34855 0.34907 0.34978 0.35075 0.35467 0.37234 0.45614
0.18327 0.20757 0.2316 0.23936 0.24666 0.2543 0.25892 0.27464 0.28652 0.29192 0.29614 0.30581 0.31649 0.32425 0.32649 0.32796 0.32975 0.33385 0.33874 0.33915 0.34114 0.34147 0.34182 0.34223 0.34263 0.34313 0.34373 0.34455 0.34565 0.34715 0.34743 0.34767 0.3478 0.34801 0.34818 0.34855 0.34907 0.34978 0.35075 0.35467 0.37234 0.45616
0.17413 0.19864 0.22317 0.23116 0.23871 0.24665 0.25147 0.268 0.28062 0.2864 0.29094 0.30141 0.31309 0.32171 0.32426 0.32592 0.32792 0.33222 0.33545 0.33904 0.33935 0.34103 0.34129 0.34176 0.34215 0.34258 0.34308 0.3437 0.34451 0.34562 0.34721 0.34752 0.34782 0.34801 0.34829 0.34857 0.34909 0.34977 0.35075 0.35467 0.37234 0.45616
0.16053 0.18519 0.21027 0.21854 0.22639 0.23471 0.2398 0.25738 0.27101 0.27732 0.28232 0.29394 0.30712 0.31714 0.32005 0.32205 0.32442 0.32971 0.33325 0.336 0.33785 0.33917 0.34072 0.34107 0.34158 0.34201 0.34246 0.34298 0.34364 0.34447 0.3456 0.34728 0.34764 0.34802 0.34829 0.34867 0.34909 0.34979 0.35074 0.35466 0.37234 0.45615
0.14052 0.16489 0.19027 0.19878 0.20693 0.21564 0.22101 0.23984 0.25476 0.26177 0.26738 0.28064 0.29611 0.30824 0.3119 0.31437 0.31747 0.32424 0.32911 0.3326 0.33536 0.33719 0.339 0.34006 0.34062 0.34121 0.34173 0.34225 0.34283 0.34353 0.34441 0.34557 0.34726 0.3478 0.34828 0.34866 0.34918 0.34978 0.35075 0.35466 0.37234 0.45615
0.11451 0.11451 0.16223 0.17069 0.17888 0.18774 0.19325 0.21296 0.22902 0.23674 0.24299 0.25812 0.27649 0.29166 0.2964 0.29965 0.30376 0.31317 0.32038 0.32575 0.32979 0.33305 0.33534 0.3374 0.33876 0.33963 0.34047 0.34118 0.34184 0.34254 0.34334 0.34429 0.34552 0.34726 0.348 0.34861 0.34914 0.34985 0.35073 0.35464 0.37233 0.45615
0.08765 0.08765 0.13048 0.13834 0.14604 0.15446 0.15975 0.17901 0.19517 0.20311 0.20963 0.22581 0.2464 0.26447 0.27039 0.27454 0.2799 0.29277 0.30331 0.31182 0.31859 0.32387 0.32827 0.33155 0.33433 0.33635 0.33776 0.33909 0.34014 0.34108 0.34199 0.34295 0.34405 0.3454 0.34724 0.34823 0.34902 0.34976 0.35076 0.35461 0.37232 0.45614
0.066235 0.0835 0.066235 0.10994 0.11676 0.12427 0.12901 0.14648 0.16139 0.1688 0.17494 0.19041 0.21074 0.22947 0.23586 0.24045 0.2465 0.2618 0.27541 0.28734 0.29766 0.30642 0.31367 0.31989 0.32486 0.3289 0.33207 0.33445 0.33655 0.33822 0.33964 0.34093 0.34221 0.34356 0.34513 0.34715 0.34846 0.34952 0.35058 0.35453 0.37228 0.45612
0.051895 0.066713 0.083754 0.089849 0.051895 0.10255 0.10677 0.12237 0.13572 0.14236 0.14786 0.1617 0.17987 0.19668 0.20248 0.20668 0.21226 0.22687 0.24072 0.25391 0.2664 0.2781 0.28876 0.29822 0.30671 0.31388 0.31988 0.32481 0.32869 0.33207 0.33476 0.33701 0.33898 0.3408 0.34259 0.34453 0.34687 0.34862 0.35009 0.35438 0.37219 0.45608
0.042472 0.05557 0.070911 0.076456 0.042472 0.08809 0.09198 0.1064 0.11877 0.12492 0.13 0.14271 0.15908 0.17376 0.17869 0.18221 0.18686 0.1988 0.21009 0.22119 0.23238 0.24382 0.25539 0.26682 0.27778 0.28828 0.29773 0.30608 0.3133 0.3193 0.32453 0.3288 0.33239 0.33545 0.33816 0.34071 0.34329 0.34618 0.34859 0.35374 0.37195 0.45597
0.035652 0.047404 0.061468 0.066623 0.071785 0.077548 0.081231 0.095007 0.10695 0.11291 0.11786 0.13022 0.14602 0.15981 0.035652 0.16746 0.17153 0.18148 0.19022 0.19834 0.20634 0.21475 0.22377 0.23353 0.24393 0.25474 0.26593 0.27682 0.28714 0.29664 0.30532 0.31265 0.31909 0.32461 0.32935 0.3335 0.33726 0.34087 0.34468 0.35213 0.37138 0.45569
0.030241 0.040694 0.053563 0.058357 0.063197 0.068647 0.072155 0.085444 0.097169 0.10309 0.10804 0.1205 0.13659 0.1506 0.15511 0.15824 0.16224 0.17164 0.17924 0.18561 0.1913 0.19677 0.20253 0.20886 0.21597 0.22404 0.23302 0.24305 0.2536 0.26455 0.275 0.28586 0.29562 0.3045 0.31242 0.31943 0.32562 0.3312 0.33645 0.34805 0.36999 0.455
0.025651 0.034896 0.04649 0.050881 0.055356 0.060441 0.063741 0.025651 0.087883 0.09376 0.098707 0.11137 0.1281 0.14293 0.14773 0.15107 0.15531 0.16518 0.17283 0.17876 0.1835 0.18749 0.19127 0.19509 0.19923 0.20394 0.20944 0.21585 0.22333 0.23214 0.24182 0.25189 0.26314 0.27414 0.28489 0.2951 0.30458 0.31329 0.32131 0.33883 0.3664 0.45327
0.022022 0.029997 0.04021 0.04414 0.04818 0.052815 0.055847 0.067697 0.07865 0.084372 0.089243 0.022022 0.11925 0.1351 0.14032 0.14398 0.14865 0.15957 0.168 0.17433 0.17909 0.1827 0.18573 0.1884 0.19096 0.19362 0.19658 0.20003 0.20417 0.20916 0.2154 0.22269 0.23086 0.24063 0.25107 0.26215 0.27351 0.28483 0.29589 0.32028 0.35829 0.44915
0.019524 0.02625 0.035022 0.038446 0.041992 0.046096 0.048802 0.059539 0.069703 0.07511 0.079768 0.092166 0.10967 0.12639 0.13205 0.13606 0.14123 0.15354 0.16318 0.17044 0.17579 0.17974 0.18265 0.18503 0.18702 0.18882 0.19058 0.19243 0.19456 0.19705 0.20011 0.20413 0.20899 0.21473 0.22199 0.23037 0.23998 0.25069 0.26227 0.29138 0.34176 0.44001
0.018675 0.024162 0.031463 0.03435 0.037363 0.040879 0.043213 0.052606 0.061698 0.066619 0.070907 0.082556 0.099641 0.11675 0.12274 0.12704 0.13268 0.14644 0.15757 0.16611 0.17244 0.17706 0.18034 0.1829 0.18486 0.18644 0.18778 0.18901 0.19022 0.19154 0.19302 0.19483 0.19732 0.20033 0.20378 0.20884 0.21475 0.22196 0.23061 0.25649 0.31364 0.42188
0.020729 0.02481 0.030504 0.03281 0.035241 0.038107 0.040026 0.047867 0.055634 0.059909 0.063676 0.074113 0.090012 0.10674 0.11282 0.11725 0.12316 0.13811 0.15077 0.16083 0.16845 0.17405 0.17812 0.181 0.18324 0.18493 0.18626 0.18733 0.18824 0.1891 0.18995 0.19086 0.19193 0.1935 0.19536 0.19737 0.2007 0.20458 0.20955 0.22672 0.27686 0.39152
0.028904 0.030797 0.034289 0.035879 0.037542 0.039601 0.041009 0.046954 0.053076 0.056526 0.05961 0.068353 0.082224 0.097592 0.10338 0.1077 0.11355 0.12899 0.14283 0.15439 0.16348 0.17032 0.17533 0.17887 0.18158 0.18359 0.1851 0.18626 0.18717 0.1879 0.18856 0.18913 0.18975 0.19044 0.1915 0.19271 0.19381 0.19617 0.19876 0.20844 0.24365 0.35208
0.050422 0.048209 0.047799 0.0481 0.048608 0.049402 0.05003 0.053187 0.056973 0.059284 0.061414 0.067763 0.07856 0.091372 0.096422 0.10026 0.10559 0.1203 0.13444 0.14703 0.15749 0.16569 0.17185 0.17624 0.1796 0.18208 0.18393 0.18531 0.18635 0.18715 0.18778 0.18833 0.18877 0.1893 0.18974 0.19056 0.19144 0.19212 0.19396 0.1995 0.22218 0.31306
0.092221 0.08564 0.079741 0.078088 0.076696 0.075423 0.074759 0.07331 0.073327 0.073788 0.07441 0.077016 0.082994 0.091551 0.095231 0.09813 0.10229 0.11455 0.12742 0.13988 0.15103 0.16032 0.16764 0.17319 0.17717 0.18024 0.18253 0.18423 0.18551 0.18647 0.18721 0.18778 0.18827 0.18869 0.18913 0.18951 0.19023 0.191 0.19154 0.19559 0.21125 0.28369
0.1472 0.13948 0.1317 0.12901 0.12637 0.1235 0.12171 0.11545 0.1107 0.10863 0.10711 0.10412 0.10255 0.10415 0.10551 0.10677 0.10881 0.1161 0.12533 0.13557 0.14583 0.15522 0.1632 0.16958 0.17432 0.17805 0.18085 0.18296 0.18453 0.18572 0.18662 0.18731 0.18785 0.1883 0.18873 0.18911 0.18956 0.19029 0.19103 0.19395 0.20633 0.26545
0.22393 0.20659 0.19345 0.18975 0.18642 0.183 0.18093 0.1736 0.16726 0.16401 0.16124 0.15412 0.14487 0.13756 0.13559 0.1344 0.13318 0.13217 0.13436 0.13918 0.14574 0.15304 0.16017 0.16652 0.17159 0.17579 0.17903 0.18151 0.18341 0.18485 0.18595 0.18679 0.18745 0.18798 0.18844 0.18889 0.18931 0.18983 0.19065 0.19291 0.20422 0.25638
0.3528 0.31408 0.28294 0.27414 0.26631 0.25865 0.2542 0.24017 0.23043 0.22609 0.22268 0.21449 0.20347 0.19206 0.18786 0.18477 0.18066 0.17052 0.16297 0.15869 0.15763 0.15921 0.16252 0.16648 0.17067 0.17446 0.17767 0.18027 0.18234 0.18397 0.18524 0.18623 0.18701 0.18764 0.18817 0.18865 0.18916 0.18966 0.19029 0.19291 0.20328 0.2522
0.55834 0.48791 0.42882 0.41145 0.39574 0.37987 0.37053 0.34008 0.31823 0.30858 0.30113 0.28437 0.26614 0.25183 0.24718 0.24382 0.23921 0.22648 0.21337 0.20063 0.18987 0.18203 0.1774 0.17551 0.17559 0.17681 0.17853 0.18034 0.18202 0.18349 0.18474 0.18577 0.18661 0.18731 0.1879 0.18844 0.18897 0.18955 0.19021 0.19268 0.20272 0.25026
0.86543 0.7503 0.65209 0.62278 0.59604 0.56875 0.55253 0.49855 0.45838 0.44008 0.42566 0.39216 0.35381 0.32403 0.31508 0.30905 0.30155 0.28436 0.27005 0.25606 0.24138 0.2265 0.21283 0.20169 0.19367 0.18856 0.18578 0.18457 0.18434 0.18466 0.18523 0.18589 0.18655 0.18717 0.18774 0.18829 0.18883 0.18941 0.19011 0.19241 0.2026 0.2493
1.3063 1.1288 0.97631 0.93059 0.88873 0.84584 0.82038 0.73454 0.6697 0.63977 0.61599 0.55973 0.49278 0.43759 0.42022 0.40822 0.39305 0.35813 0.33153 0.31146 0.29528 0.28019 0.26438 0.24781 0.2317 0.2177 0.2067 0.1988 0.19363 0.19047 0.18874 0.18793 0.18769 0.18777 0.18803 0.1884 0.18885 0.18939 0.19005 0.19237 0.20246 0.24879
1.925 1.6612 1.4341 1.3658 1.3032 1.2389 1.2005 1.0713 0.97321 0.92769 0.89138 0.8049 0.70034 0.61184 0.58327 0.56328 0.53759 0.4761 0.42616 0.38666 0.35637 0.33358 0.3156 0.29949 0.28282 0.26497 0.24696 0.23059 0.21709 0.20689 0.19977 0.19507 0.19218 0.19054 0.1897 0.18938 0.18942 0.1897 0.19021 0.19243 0.20238 0.24848
2.783 2.4001 2.0703 1.9709 1.8798 1.7863 1.7304 1.542 1.3985 1.3318 1.2786 1.1514 0.99659 0.86419 0.82103 0.79064 0.75134 0.65566 0.5752 0.50834 0.45375 0.41029 0.37673 0.35145 0.33181 0.31475 0.29742 0.27867 0.25925 0.24102 0.22549 0.21342 0.20472 0.19882 0.19504 0.19276 0.19152 0.191 0.191 0.19265 0.20233 0.24812
3.9656 3.419 2.948 2.8062 2.676 2.5423 2.4623 2.1928 1.9875 1.8919 1.8155 1.6329 1.4102 1.2188 1.1562 1.112 1.0547 0.91416 0.79429 0.69252 0.60678 0.53533 0.47677 0.42988 0.39345 0.36591 0.34474 0.32691 0.30901 0.28965 0.26924 0.24963 0.23245 0.21889 0.20892 0.20203 0.19761 0.19492 0.19349 0.19349 0.20228 0.24817
5.5908 4.8196 4.155 3.9547 3.771 3.5822 3.4693 3.0887 2.7986 2.6635 2.5556 2.2973 1.9819 1.7105 1.6215 1.5586 1.477 1.2764 1.1042 0.95671 0.83083 0.72386 0.63359 0.55819 0.49618 0.4463 0.40734 0.37776 0.3552 0.33655 0.31833 0.29862 0.27755 0.25683 0.23847 0.22372 0.21275 0.20516 0.20027 0.19594 0.20278 0.24816
7.8217 6.7424 5.8121 5.5318 5.2745 5.0103 4.8522 4.3194 3.913 3.7239 3.5727 3.2108 2.7688 2.388 2.263 2.1747 2.0601 1.7778 1.535 1.3263 1.1471 0.99361 0.86251 0.751 0.65678 0.57794 0.51291 0.46038 0.41917 0.38773 0.36389 0.3445 0.32604 0.30619 0.28474 0.26327 0.244 0.22832 0.21662 0.20245 0.20411 0.24829
