0.00024404 0.00020706 0.00018354 0.0001737 0.00016447 0.00015447 0.000183 0.00012039 0.00024404 9.5952e-05 8.9584e-05 0.00024404 0.00024404 0.00024404 0.00024404 0.00024404 0.00024404 0.00024404 0.00024404 1.0868e-05 0.00033645 0.0045144 3.6722e-06 2.5382e-06 1.7505e-06 1.2035e-06 8.2511e-07 5.6399e-07 3.8437e-07 2.612e-07 1.77e-07 1.1962e-07 8.0631e-08 5.4222e-08 3.638e-08 2.4358e-08 1.6277e-08 1.0858e-08 7.2306e-09 2.7841e-09 6.0499e-10 1.1173e-10
0.041621 0.063596 0.0004507 0.00042558 0.00040096 0.00038534 0.00037013 0.00030893 0.00026663 0.00024633 0.00022994 0.0001906 0.00014362 0.041621 33.914 0.053433 0.041621 0.041621 0.041621 2.7768e-05 1.9518e-05 0.1124 9.4445e-06 6.5319e-06 4.5017e-06 3.0958e-06 2.1221e-06 1.4506e-06 9.8859e-07 6.7178e-07 4.5522e-07 3.0764e-07 2.0738e-07 1.3945e-07 9.3566e-08 6.2647e-08 4.1863e-08 2.7925e-08 1.8595e-08 7.1606e-09 1.5559e-09 2.8723e-10
7.0988 7.0988 7.0988 0.14844 0.095941 0.066977 0.049018 0.0007941 0.00068481 0.00063176 0.00059001 0.00048933 0.00036904 0.00027179 7.0988 0.00023675 0.042844 7.0988 7.0988 7.0651e-05 4.9832e-05 0.16969 2.4284e-05 1.6826e-05 1.1585e-05 7.9613e-06 5.4588e-06 3.7306e-06 2.5426e-06 1.7278e-06 1.1708e-06 7.9123e-07 5.3336e-07 3.5866e-07 2.4064e-07 1.6112e-07 1.0767e-07 7.1817e-08 4.7827e-08 1.8414e-08 3.9993e-09 7.3889e-10
5.7376 1.229 0.19917 0.16149 0.15853 0.14169 0.11957 0.10734 0.090335 0.05772 0.0040344 0.0012596 0.00094608 0.00069671 0.00062044 0.00056867 0.025513 0.00036056 5.7376 0.00018032 0.00012683 0.018955 6.224e-05 4.3224e-05 2.9778e-05 2.0422e-05 1.4049e-05 9.5967e-06 6.5392e-06 4.4439e-06 3.0113e-06 2.035e-06 1.3717e-06 9.2246e-07 6.1891e-07 4.1439e-07 2.7691e-07 1.8471e-07 1.23e-07 4.7361e-08 1.0287e-08 1.9002e-09
5.0453 2.6353 0.291 0.18304 0.16442 0.15433 0.12429 0.11249 0.088824 0.040605 0.043378 0.0044783 0.0044244 0.0017884 0.0015926 0.0014606 0.0012939 9.5122 1.3236 5.0453 0.00032377 0.0070654 0.00015885 0.00011077 5.0453 5.2675e-05 3.6505e-05 2.4604e-05 1.6821e-05 1.1429e-05 7.7449e-06 5.234e-06 3.5281e-06 2.3725e-06 1.5918e-06 1.0658e-06 7.122e-07 4.7506e-07 3.1635e-07 1.2181e-07 2.6457e-08 4.8844e-09
0.2533 5.84 0.24946 0.214 0.21029 0.23016 0.099706 0.060938 0.070969 0.047772 0.043045 0.0087188 0.0083185 0.0044392 0.0039348 0.0036265 0.003287 0.0023723 0.0016792 0.0011816 0.00082825 2.0048 0.00040444 0.00028239 0.00019637 0.00013539 9.2926e-05 6.3498e-05 4.359e-05 2.9093e-05 1.7371e-05 1.3462e-05 9.0742e-06 6.1019e-06 4.0941e-06 2.7411e-06 1.8317e-06 1.2218e-06 8.1365e-07 3.1328e-07 6.8053e-08 1.2564e-08
2.8852 0.85514 0.83791 1.283 2.3982 0.35626 0.27239 0.21665 0.11243 0.068443 0.054599 0.018498 0.015649 0.011443 0.010102 0.0092829 0.0082594 0.0059159 0.004256 0.00303 0.0021218 18.48 0.0010327 0.00071897 0.00050023 0.00034745 0.0002388 0.00016345 0.00011156 7.603e-05 5.0737e-05 3.3819e-05 2.3252e-05 1.5694e-05 1.053e-05 7.05e-06 4.7111e-06 3.1424e-06 2.0926e-06 8.0575e-07 1.7502e-07 3.2312e-08
2.522 1.2068 1.5432 1.3255 2.522 3.648 3.9466 0.89702 1.5486 0.40748 0.1009 0.083961 0.035531 0.028494 0.025031 0.022927 0.020449 0.015167 0.01079 0.0076645 0.0054049 0.0037957 0.0026421 0.0018361 0.0012745 0.0008844 0.00061236 0.00041972 0.00028632 0.00019462 0.00013153 9.0031e-05 6.0219e-05 3.7571e-05 2.2645e-05 1.8132e-05 1.2117e-05 8.0821e-06 5.382e-06 2.0723e-06 4.5015e-07 8.3107e-08
2.2045 2.4271 2.0716 1.8388 2.3669 3.7805 4.6546 1.8676 1.7883 2.1492 1.6366 0.51668 0.11923 0.10326 0.082757 0.063422 0.053019 0.037825 0.028788 0.019527 0.013734 0.0096571 0.006766 0.0046977 0.003255 0.0022526 0.001558 0.0010764 0.00073562 0.0005004 0.00033919 0.00022926 0.0001539 0.00010723 6.9364e-05 6.3712e-05 4.4728e-05 2.0787e-05 1.3842e-05 5.3298e-06 1.1577e-06 2.1379e-07
5.472 5.1257 4.2262 3.8178 3.4915 4.7644 5.8967 3.8576 2.4194 2.895 2.6797 0.96635 0.72467 0.426 0.27728 0.20053 0.15396 0.10718 0.069646 0.052023 0.035181 0.02464 0.017231 0.011987 0.0083275 0.0057535 0.0039698 0.002737 0.0018863 0.001285 0.00087222 0.00058912 0.00039898 0.00026686 0.0001828 0.00012742 8.9324e-05 6.2695e-05 8.7733e-05 1.3708e-05 2.9776e-06 5.4975e-07
13.69 12 12.107 9.8427 8.1932 8.5059 9.7073 8.8343 4.6492 4.6191 4.9639 2.1433 1.375 0.88581 0.73087 0.54048 0.41376 0.28202 0.19434 0.13388 0.093961 0.064422 0.044043 0.030668 0.021263 0.014718 0.010139 0.0069746 0.0047942 0.0032959 0.0022392 0.001515 0.0010214 0.00068778 0.00046128 0.00030842 0.00020386 0.00013318 8.7735e-05 6.0992e-05 7.6582e-06 1.4141e-06
34.55 30.128 51.029 46.13 41.746 32.953 30.532 23.695 12.974 10.07 9.8469 5.7576 3.2945 1.9533 1.7121 1.4671 1.1398 0.7974 0.5071 0.36257 0.24172 0.17387 0.11482 0.079729 0.054371 0.037593 0.025927 0.017811 0.012216 0.0083725 0.0057428 0.0038902 0.0026282 0.0017674 0.0011846 0.00078974 0.00053062 0.00033543 0.00026321 0.00019105 1.9696e-05 3.6368e-06
107.1 72.712 184.02 213.87 181.91 198.11 118.89 69.995 40.275 28.452 25.477 15.353 8.3938 5.1696 4.375 4.0542 3.1029 2.1112 1.3209 0.90297 0.6194 0.42771 0.29701 0.2044 0.14097 0.097053 0.066221 0.045481 0.031189 0.021331 0.014578 0.0099768 0.0067432 0.0045441 0.0030478 0.0020424 0.0013664 0.00091215 0.00059917 0.0003116 0.00012036 9.3534e-06
236.91 173.82 382.69 515.38 519.28 426.64 358.41 190.85 89.734 86.065 68.284 39.807 22.662 13.654 11.188 10.035 8.4525 5.3332 3.4877 2.3363 1.6015 1.1022 0.76935 0.52483 0.36097 0.24832 0.17057 0.11688 0.079627 0.05444 0.037133 0.025311 0.017274 0.011657 0.0078408 0.0052585 0.0035109 0.0023396 0.0015634 0.0006346 0.00027335 2.4056e-05
431.18 431.18 661.29 967.15 1146.7 1067.8 931.31 547.87 299.61 276.28 182.55 104.46 60.897 36.452 30.186 26.544 23.593 13.984 9.232 6.1146 4.1461 2.8439 1.9545 1.3452 0.92787 0.63559 0.43632 0.2989 0.20427 0.13935 0.094717 0.064446 0.043822 0.029834 0.020098 0.013495 0.0090246 0.0060081 0.0039938 0.0015231 0.00064678 8.0339e-05
762.51 762.51 1034.7 1509.5 2035.3 2380.8 1893.1 1327.8 761.1 631.72 453.01 285.15 166.35 106 82.472 72.807 61.342 37.677 24.691 16.158 10.857 7.3934 5.0762 3.4599 2.3851 1.6332 1.1173 0.76489 0.52238 0.35598 0.24222 0.16458 0.11152 0.075661 0.051393 0.034593 0.023193 0.015465 0.010326 0.0039498 0.00064679 0.00018246
1317.3 1103.6 1317.3 2205.3 3172 4592.4 4548.8 3213.4 2032.4 1752 1294.9 843.48 472.14 286.13 234.51 202.36 168.33 102.5 66.481 42.488 28.378 19.265 13.035 8.9293 6.1272 4.1958 2.8713 1.9587 1.3372 0.91037 0.61861 0.41977 0.28484 0.19262 0.13029 0.088316 0.059387 0.039751 0.026517 0.010163 0.0020194 0.00084999
2060.4 1838.2 2033.7 2675.8 2060.4 6689.4 7866.4 7386.1 4600.3 3745.6 3000.1 2037.5 1186 783.99 647.03 557.62 459.95 281.13 175.78 112.86 74.702 49.996 33.798 23.031 15.765 10.79 7.3765 5.0356 3.4249 2.332 1.5828 1.0725 0.72631 0.49073 0.33145 0.22391 0.15146 0.10173 0.068019 0.026241 0.0058092 0.0015212
2900.5 2758.4 2951.4 3592.2 2900.5 8905.5 11434 14745 10844 8896.8 7367.7 4665.1 2963.4 1964.5 1702.7 1481.2 1219.5 739.72 459.1 294.83 193.81 129.04 87.158 59.281 40.448 27.721 18.942 12.929 8.8054 5.9747 4.0571 2.7461 1.8562 1.2524 0.84457 0.56921 0.38388 0.25903 0.17394 0.067326 0.014764 0.0036287
3379.3 3515.6 4626.7 6789.8 8307.5 11512 14525 24806 21909 18787 16291 11030 7134.6 4705.7 3379.3 3626.7 3047.2 1915 1194 758.75 499.34 333.23 224.48 152.45 104.1 71.046 48.628 33.189 22.605 15.356 10.42 7.0418 4.7544 3.2047 2.1574 1.4513 0.97612 0.65658 0.44236 0.17283 0.037887 0.0072566
3850.9 7682.4 8270.1 9190.1 10509 13743 17082 35158 39290 37795 37496 27250 16076 9967.1 8736.4 7891.6 6778.9 4339.8 2867 1882.5 1252.3 843.61 571.84 389.81 266.75 182.38 124.57 85.156 57.991 39.431 26.613 18.073 12.196 8.2145 5.5241 3.7106 2.4905 1.6711 1.1219 0.44163 0.09662 0.018136
4388.4 6063 7806.2 8860.5 10928 14193 21057 4388.4 73302 72442 68223 52348 33131 20749 18139 16527 14504 9740.5 6717.7 4545.7 3099.2 2125.9 1451.2 993.57 681.71 467.13 319.7 218.22 148.57 101.17 68.628 46.222 31.306 21.077 14.165 9.5052 6.3713 4.2677 2.858 1.1263 0.2478 0.046043
5031.8 11844 15820 17330 19594 23478 27029 54136 89054 99987 1.0285e+05 5031.8 79418 50648 43822 39683 34835 23833 16499 11318 7740.2 5328.4 3668.4 2525.8 1739 1195 819.13 559.85 381.54 259.25 176.11 119.17 80.165 54.115 36.355 24.382 16.328 10.924 7.3035 2.8568 0.63564 0.11683
10355 14253 20071 22106 24736 37680 42275 72357 1.2115e+05 1.4704e+05 1.633e+05 1.722e+05 1.358e+05 96033 86601 83527 84965 54729 38683 27124 18990 13243 9215.9 6393.5 4422.2 3049.6 2095.3 1434.7 979.28 665.91 451.4 305.87 206.49 138.75 93.351 62.585 41.892 28.003 18.701 7.2814 1.6283 0.303
20797 28478 39453 43774 48345 53602 57099 70619 89228 1.0057e+05 1.1104e+05 2.1309e+05 2.3817e+05 1.9828e+05 1.8124e+05 1.7001e+05 1.5678e+05 1.2474e+05 91075 65010 46244 32766 23051 16121 11223 7780.6 5351.2 3672 2509.5 1709 1159.4 784.07 530.04 356.99 238.91 160.71 107.54 71.851 47.947 18.611 4.168 0.7765
44049 60059 81607 90164 99054 1.0944e+05 1.1628e+05 1.4287e+05 1.665e+05 1.7824e+05 1.8792e+05 2.124e+05 2.4099e+05 2.5247e+05 2.4837e+05 2.4411e+05 2.3705e+05 2.0975e+05 1.8904e+05 1.5009e+05 1.1094e+05 80504 57415 40531 28389 19745 13653 9389.7 6427.8 4382.9 2976.8 2014.2 1358.9 916.44 615.89 411.33 276.16 184.46 123.04 47.657 10.599 1.9912
1.0938e+05 1.4233e+05 1.8449e+05 2.0117e+05 2.1843e+05 2.3831e+05 2.5136e+05 3.0163e+05 3.4626e+05 3.6842e+05 3.8654e+05 4.2998e+05 4.8388e+05 5.0336e+05 5.0175e+05 4.9817e+05 4.9001e+05 4.4997e+05 3.8945e+05 3.1938e+05 2.5019e+05 1.8887e+05 1.3877e+05 99802 70833 49709 34581 23889 16405 11209 7626.7 5166.7 3489.3 2348.9 1580.8 1060.2 706.2 473.67 315.87 122.17 26.994 5.1105
3.5048e+05 4.0692e+05 4.8406e+05 5.1401e+05 5.4493e+05 5.8034e+05 6.0337e+05 6.9132e+05 7.6834e+05 8.0647e+05 8.3768e+05 9.1216e+05 9.9395e+05 1.0382e+06 1.0412e+06 1.0394e+06 1.0308e+06 9.7733e+05 8.7049e+05 7.3583e+05 5.923e+05 4.5742e+05 3.4183e+05 2.4885e+05 1.7816e+05 1.2581e+05 87920 60926 41936 28702 19549 13262 8960.2 6039.5 4053.9 2722.3 1822.2 1211.5 811.24 313.5 68.951 13.117
1.399e+06 1.4448e+06 1.5332e+06 1.5705e+06 1.6085e+06 1.652e+06 1.6808e+06 1.7922e+06 1.8889e+06 1.9364e+06 1.975e+06 2.0662e+06 2.1625e+06 2.2068e+06 2.2065e+06 2.1999e+06 2.1819e+06 2.0771e+06 1.8934e+06 1.6469e+06 1.3662e+06 1.084e+06 8.2987e+05 6.147e+05 4.4458e+05 3.166e+05 2.2258e+05 1.5492e+05 1.0697e+05 73377 50061 33996 23001 15505 10424 6981.9 4679 3126.2 2075 804.83 176.45 33.629
5.7798e+06 5.6187e+06 5.47e+06 5.4239e+06 5.3814e+06 5.3382e+06 5.3131e+06 5.8312e+06 5.91e+06 5.9944e+06 6.0769e+06 6.4444e+06 7.2754e+06 7.9382e+06 7.7679e+06 7.4361e+06 6.822e+06 5.2357e+06 4.3782e+06 3.7589e+06 3.1284e+06 2.5303e+06 1.9749e+06 1.4923e+06 1.0959e+06 7.8968e+05 5.5988e+05 3.9208e+05 2.7192e+05 1.8713e+05 1.2797e+05 87050 58956 39778 26758 17940 12000 8027.4 5350.7 2067 452.19 85.436
1.5982e+07 1.5649e+07 1.5241e+07 1.508e+07 1.4911e+07 1.4714e+07 1.4584e+07 1.4064e+07 1.358e+07 1.3327e+07 1.3113e+07 1.2557e+07 1.1796e+07 1.1056e+07 1.0789e+07 1.059e+07 1.0317e+07 9.5422e+06 8.6937e+06 7.7462e+06 6.7396e+06 5.6398e+06 4.5411e+06 3.5257e+06 2.647e+06 1.9403e+06 1.3933e+06 9.8465e+05 6.8743e+05 4.7534e+05 3.2618e+05 2.2244e+05 1.5093e+05 1.0197e+05 68644 46079 30833 20590 13748 5290.9 1159.9 217.78
2.4006e+07 2.3896e+07 2.3942e+07 2.399e+07 2.405e+07 2.4128e+07 2.4181e+07 2.4384e+07 2.4522e+07 2.4558e+07 2.4564e+07 2.4447e+07 2.3897e+07 2.2897e+07 2.2438e+07 2.2071e+07 2.1538e+07 1.9936e+07 1.8168e+07 1.6272e+07 1.426e+07 1.2166e+07 1.0063e+07 8.027e+06 6.2089e+06 4.6594e+06 3.4083e+06 2.4424e+06 1.7224e+06 1.1998e+06 8.2765e+05 5.6658e+05 3.8548e+05 2.6095e+05 1.7592e+05 1.1819e+05 79186 52892 35260 13641 2977.1 556.55
3.2187e+07 3.202e+07 3.2059e+07 3.2116e+07 3.2193e+07 3.2301e+07 3.238e+07 3.2747e+07 3.3163e+07 3.3407e+07 3.3629e+07 3.427e+07 3.5243e+07 3.6068e+07 3.6254e+07 3.6334e+07 3.6351e+07 3.5761e+07 3.411e+07 3.1671e+07 2.8572e+07 2.5053e+07 2.1335e+07 1.7603e+07 1.4051e+07 1.0857e+07 8.1418e+06 5.9512e+06 4.2602e+06 3.0002e+06 2.0862e+06 1.4364e+06 9.8127e+05 6.6624e+05 4.501e+05 3.0284e+05 2.0308e+05 1.3583e+05 90614 35025 7635.2 1424.7
3.955e+07 3.9331e+07 3.9358e+07 3.9421e+07 3.9507e+07 3.9627e+07 3.9717e+07 4.0139e+07 4.0616e+07 4.0899e+07 4.1158e+07 4.1928e+07 4.3255e+07 4.4912e+07 4.5594e+07 4.6123e+07 4.6866e+07 4.8877e+07 5.0398e+07 5.0711e+07 4.93e+07 4.6097e+07 4.1437e+07 3.5849e+07 2.9882e+07 2.4024e+07 1.8658e+07 1.4044e+07 1.029e+07 7.3754e+06 5.1951e+06 3.6104e+06 2.483e+06 1.6939e+06 1.1482e+06 7.7441e+05 5.2019e+05 3.4827e+05 2.3258e+05 89819 19635 3651.5
4.6538e+07 4.6266e+07 4.6924e+07 4.6992e+07 4.7086e+07 4.722e+07 4.6677e+07 4.715e+07 4.769e+07 4.8009e+07 4.8302e+07 4.9171e+07 5.0665e+07 5.2528e+07 5.3305e+07 5.3916e+07 5.48e+07 5.7518e+07 6.0666e+07 6.4013e+07 6.6906e+07 6.8286e+07 6.7159e+07 6.3132e+07 5.6593e+07 4.844e+07 3.9704e+07 3.128e+07 2.3789e+07 1.7557e+07 1.2642e+07 8.9288e+06 6.2124e+06 4.273e+06 2.9134e+06 1.9729e+06 1.329e+06 8.9158e+05 5.9611e+05 2.3072e+05 50442 9368.3
5.25e+07 5.2182e+07 5.2185e+07 5.2256e+07 5.2356e+07 5.2501e+07 5.261e+07 5.3126e+07 5.3718e+07 5.4068e+07 5.439e+07 5.5347e+07 5.6993e+07 5.9047e+07 5.9903e+07 6.0576e+07 6.1548e+07 6.453e+07 6.8026e+07 7.2055e+07 7.6589e+07 8.1392e+07 8.5723e+07 8.8216e+07 8.7378e+07 8.2409e+07 7.3695e+07 6.2556e+07 5.0621e+07 3.9273e+07 2.9401e+07 2.138e+07 1.5196e+07 1.0612e+07 7.3134e+06 4.9898e+06 3.3788e+06 2.2748e+06 1.5247e+06 5.9225e+05 1.2958e+05 24047
5.7391e+07 5.7035e+07 5.7027e+07 5.7099e+07 5.7204e+07 5.7357e+07 5.7472e+07 5.8021e+07 5.8654e+07 5.903e+07 5.9375e+07 6.0402e+07 6.2172e+07 6.4385e+07 6.5307e+07 6.6032e+07 6.7081e+07 7.0299e+07 7.4068e+07 7.8402e+07 8.3302e+07 8.8759e+07 9.4725e+07 1.0095e+08 1.0664e+08 1.1015e+08 1.0951e+08 1.0346e+08 9.2347e+07 7.7917e+07 6.2462e+07 4.7918e+07 3.5458e+07 2.5504e+07 1.7949e+07 1.2427e+07 8.5011e+06 5.7634e+06 3.8815e+06 1.5165e+06 3.3268e+05 61661
6.1293e+07 6.0905e+07 6.0886e+07 6.096e+07 6.1068e+07 6.1226e+07 6.1346e+07 6.1921e+07 6.2584e+07 6.298e+07 6.3343e+07 6.4423e+07 6.629e+07 6.8626e+07 6.96e+07 7.0368e+07 7.1477e+07 7.4884e+07 7.8878e+07 8.3474e+07 8.8667e+07 9.4443e+07 1.0077e+08 1.076e+08 1.1488e+08 1.2236e+08 1.292e+08 1.3356e+08 1.33e+08 1.258e+08 1.1217e+08 9.4273e+07 7.5092e+07 5.7155e+07 4.1941e+07 2.9926e+07 2.0905e+07 1.438e+07 9.7802e+06 3.8687e+06 8.5232e+05 1.5858e+05
6.4341e+07 6.3927e+07 6.39e+07 6.3974e+07 6.4084e+07 6.4246e+07 6.437e+07 6.4964e+07 6.565e+07 6.606e+07 6.6437e+07 6.7558e+07 6.9498e+07 7.1927e+07 7.2942e+07 7.3741e+07 7.4896e+07 7.8448e+07 8.2617e+07 8.7418e+07 9.2848e+07 9.8889e+07 1.055e+08 1.1264e+08 1.2025e+08 1.2827e+08 1.3664e+08 1.4512e+08 1.5287e+08 1.5789e+08 1.5734e+08 1.4897e+08 1.3283e+08 1.1143e+08 8.8417e+07 6.695e+07 4.8846e+07 3.465e+07 2.4073e+07 9.7807e+06 2.1845e+06 4.0726e+05
6.6685e+07 6.6251e+07 6.6216e+07 6.629e+07 6.6402e+07 6.6567e+07 6.6693e+07 6.7301e+07 6.8004e+07 6.8425e+07 6.8812e+07 6.9963e+07 7.1957e+07 7.4456e+07 7.5501e+07 7.6324e+07 7.7514e+07 8.1176e+07 8.5477e+07 9.0433e+07 9.6044e+07 1.0229e+08 1.0913e+08 1.1652e+08 1.2439e+08 1.3269e+08 1.4134e+08 1.5029e+08 1.5948e+08 1.687e+08 1.7712e+08 1.8265e+08 1.8207e+08 1.7263e+08 1.541e+08 1.2925e+08 1.0238e+08 7.7288e+07 5.6179e+07 2.4212e+07 5.5711e+06 1.0446e+06
