0.015972 NaN 94.692 45.219 12.241 0.78534 2.4563 0 9.2548 20.707 45.742 103.69 249.56 566.12 1219.7 2619.8 5550.3 11527 23426 46550 0 1.789e+05 3.497e+05 6.9776e+05 1.4494e+06 3.2438e+06 8.1279e+06 2.3129e+07 6.7185e+07 1.5108e+08 2.4987e+08 3.6162e+08 4.8036e+08 5.8741e+08 6.8859e+08 7.7473e+08 8.4528e+08 9.0147e+08 9.4531e+08 9.7898e+08
0.0063033 0.056592 NaN 0.69014 3.9447 8.3391 13.643 18.013 25.56 233.34 72.425 123.19 256.47 507.3 0 0 4352.2 8339.8 16780 34410 64638 1.1549e+05 2.2166e+05 4.2631e+05 8.6699e+05 1.8669e+06 4.4113e+06 1.1741e+07 3.3728e+07 8.0678e+07 1.403e+08 2.0335e+08 2.6993e+08 3.2996e+08 3.8666e+08 4.3491e+08 4.7441e+08 5.0586e+08 5.3039e+08 5.4922e+08
0.0031736 0.0056176 NaN 0.44965 2.6657 6.0762 58.579 78.736 76.832 118.8 246.35 629.58 1308 3402.7 4885 7853.2 0 27718 37541 69148 1.1207e+05 1.3978e+05 1.9774e+05 2.8027e+05 5.4006e+05 1.1059e+06 2.4675e+06 6.1863e+06 1.7612e+07 4.1569e+07 7.7972e+07 1.1427e+08 1.5159e+08 1.8523e+08 2.1988e+08 2.4403e+08 2.6615e+08 2.8375e+08 2.9747e+08 3.08e+08
0.012209 0.0039488 0.52231 0.69417 3.329 14.263 104.69 100.47 106.43 157.92 243.45 644.17 1483.6 3848.6 7383 45824 24101 36007 96180 1.1148e+05 1.7085e+05 1.9529e+05 2.4154e+05 2.6775e+05 4.7236e+05 9.6201e+05 2.0852e+06 5.1126e+06 1.4484e+07 3.3085e+07 6.384e+07 9.4292e+07 1.2508e+08 1.5282e+08 1.8138e+08 2.013e+08 2.1953e+08 2.3404e+08 2.4534e+08 2.5402e+08
7.5911 0.0028021 1.5371 3.0061 7.9906 6.6411 285.12 0 159.08 178.55 237.98 485.27 1125.7 3393.9 11939 18678 35982 0 0 1.7279e+05 2.6183e+05 2.8451e+05 3.2182e+05 2.6752e+05 4.7728e+05 8.7754e+05 1.8211e+06 4.3467e+06 1.2159e+07 2.6473e+07 5.2502e+07 7.8341e+07 1.0392e+08 1.2696e+08 1.5068e+08 1.6722e+08 1.8235e+08 1.9439e+08 2.0378e+08 2.1098e+08
1.1756 0.22741 0.65681 1.6055 6.5364 5.3225 145.39 228.56 240.61 250.64 301.96 488.76 1166.8 3187.9 6961.9 21572 41713 79361 1.498e+05 3.44e+05 3.8837e+05 4.2007e+05 4.4635e+05 4.5899e+05 5.1226e+05 8.5137e+05 1.6449e+06 3.7565e+06 1.0231e+07 2.0749e+07 4.2358e+07 6.4115e+07 8.508e+07 1.0393e+08 1.2334e+08 1.3687e+08 1.4925e+08 1.591e+08 1.6678e+08 1.7267e+08
0.0020402 1.9026 0.34297 1.1143 6.702 2.0579 139.04 227.38 273.87 324.04 335.62 439.03 877.77 1949.5 6808.3 15436 61520 1.1043e+05 1.7936e+05 3.0259e+05 5.038e+05 5.5479e+05 5.7196e+05 5.5678e+05 5.6206e+05 8.7139e+05 1.5894e+06 3.4985e+06 9.2535e+06 1.78e+07 3.697e+07 5.6564e+07 7.5092e+07 9.1721e+07 1.0743e+08 1.2079e+08 1.3171e+08 1.404e+08 1.4717e+08 1.5237e+08
0.00037196 0.0017212 0.0018171 1.1446 9.3884 2.0785 115.59 153.16 172.03 221.87 304.57 468.06 630.93 1240.7 2402.6 7287.5 17425 52618 2.2539e+05 3.8563e+05 6.3907e+05 0 1.005e+06 1.021e+06 9.1389e+05 1.1434e+06 1.6709e+06 3.0204e+06 6.6907e+06 1.0839e+07 2.2238e+07 3.5785e+07 4.7717e+07 5.8273e+07 6.825e+07 7.6731e+07 8.3666e+07 8.918e+07 9.3476e+07 9.6771e+07
0 0.00044415 0.00091689 0.8384 12.97 21.455 25.236 373.22 339.07 347.16 338.59 351.36 936.11 671.79 1313.5 3984.8 7605.8 21974 54479 1.663e+05 4.0174e+05 7.3248e+05 1.0455e+06 1.2527e+06 1.2406e+06 1.476e+06 1.8951e+06 2.8798e+06 5.2075e+06 6.8565e+06 1.4186e+07 2.4091e+07 3.2448e+07 3.9622e+07 4.6406e+07 5.2174e+07 5.6888e+07 6.0636e+07 6.3555e+07 6.5793e+07
0.0001011 0.00027091 0.00077058 0.67377 21.294 23.767 27.403 397.92 442.51 470.5 473.36 524.02 494.77 682.22 974.96 2079.1 5107.3 14154 35338 1.228e+05 2.8131e+05 5.4439e+05 8.7278e+05 1.1872e+06 1.287e+06 1.5782e+06 1.9715e+06 2.8046e+06 4.5807e+06 5.4838e+06 1.1262e+07 1.9709e+07 2.6734e+07 3.2647e+07 3.8237e+07 4.2991e+07 4.6876e+07 4.9964e+07 5.2369e+07 5.4213e+07
7.5092e-05 0.00020157 0.0010338 0.68347 22.836 25.467 28.343 32.468 470.72 509.85 559.75 560.1 577.14 654.73 839.28 1563.9 4002 9059.9 25980 68714 1.9545e+05 4.0183e+05 6.9926e+05 1.0454e+06 1.2099e+06 1.5901e+06 1.986e+06 2.7059e+06 4.1e+06 4.556e+06 9.2632e+06 1.6587e+07 2.2727e+07 2.776e+07 3.2513e+07 3.6556e+07 3.9861e+07 4.2487e+07 4.4532e+07 4.61e+07
0 9.106e-05 0.00025186 0.00063375 1.186 1.7517 2.934 3.3742 563.56 545.15 571.81 711.57 674.91 811.6 868.85 1145.4 1890.2 4247.7 9779.8 25394 76676 1.6392e+05 0 5.9102e+05 9.0463e+05 1.3026e+06 1.7305e+06 2.2684e+06 2.987e+06 2.8924e+06 5.5697e+06 1.0557e+07 1.4934e+07 1.8272e+07 2.1402e+07 2.4067e+07 2.6244e+07 2.7974e+07 2.9321e+07 3.0353e+07
0 3.312e-05 0.008765 0.00023113 1.2925 1.588 1.6995 2.4221 33.193 553.55 656.28 669.68 683.89 744.6 859.97 946.26 1221.7 2014.6 4174.2 7943.7 18597 43805 97849 1.9995e+05 3.6377e+05 6.396e+05 9.9341e+05 1.3989e+06 1.754e+06 1.6148e+06 2.7524e+06 5.4608e+06 8.2661e+06 1.0214e+07 1.1964e+07 1.3457e+07 1.4678e+07 1.5648e+07 1.6402e+07 1.6981e+07
0 0 0.00064996 0.0048637 0.00020888 0.5885 1.0331 1.964 3.8152 152.54 183.32 209.22 269.98 318.8 409.83 560.13 765.78 1072.5 1969.3 4248.6 8258.9 19422 35843 66511 1.2378e+05 2.3224e+05 4.1332e+05 6.6256e+05 9.0558e+05 9.1326e+05 1.3727e+06 2.7654e+06 4.4789e+06 5.6949e+06 6.6772e+06 7.5132e+06 8.1975e+06 8.7411e+06 9.1641e+06 9.4882e+06
0 1757.1 0 0.000175 0.00014048 0.42037 0.49629 0.92572 65.813 89.897 115.17 159.63 177.16 209.18 280.85 334.42 486.05 802.55 2092.3 0 6654.2 14405 30240 50953 89069 1.6167e+05 2.9027e+05 4.8005e+05 6.8678e+05 7.3099e+05 1.0645e+06 2.1396e+06 3.5559e+06 4.5985e+06 5.3987e+06 6.0753e+06 6.6297e+06 7.0702e+06 7.4129e+06 7.6754e+06
0 3.1339 142.26 142.05 0.0001079 0.34081 0.41133 0.95218 6.6007 76.753 83.059 108.92 135.09 164.6 201.35 256.03 346.37 583.14 1041.9 2385.3 6922.2 12320 26262 44142 73013 1.2663e+05 2.2477e+05 3.7505e+05 5.5368e+05 6.151e+05 8.8064e+05 1.7668e+06 2.9875e+06 3.9213e+06 4.6112e+06 5.1898e+06 5.664e+06 6.0409e+06 6.3341e+06 6.5587e+06
0 0 3.3725 1.0444 7.4017e-05 0.33746 0.40791 0.56836 0.83726 17.604 71.636 78.91 85.101 106.51 136.81 180.56 243.31 407.33 776.04 1440.4 3527.5 10038 20010 36264 58209 94854 1.6238e+05 2.6802e+05 4.0995e+05 4.8295e+05 6.7946e+05 1.3573e+06 2.3457e+06 3.1512e+06 3.7192e+06 4.1864e+06 4.5698e+06 4.8745e+06 5.1116e+06 5.2933e+06
0 0 0 80.004 356.73 6.7087e-05 0.47938 0.59226 0.93773 1.2681 31.051 35.377 43.038 54.674 65.276 78.735 103.49 145.11 238.55 514 1182.7 2512.1 6268.1 13937 26631 44771 76076 1.2081e+05 1.8633e+05 2.4831e+05 3.3872e+05 6.5711e+05 1.1807e+06 1.7095e+06 2.066e+06 2.3273e+06 2.5417e+06 2.7124e+06 2.8452e+06 2.947e+06
0 0 0 0 109.51 0.0011621 0.42645 0.69376 0.87631 40.712 47.877 49.199 49.131 51.46 48.233 49.694 53.69 68.74 98.121 156.61 295.51 746.88 1634.5 3710.4 7988.9 16202 30886 54158 88835 1.2903e+05 1.7412e+05 3.178e+05 5.6663e+05 8.9541e+05 1.1406e+06 1.2903e+06 1.4099e+06 1.5054e+06 1.5798e+06 1.6367e+06
1.1904 1.1734 1.6029 3.0478 0 20.707 0.0010166 0.43341 0.69555 17.588 21.683 30.682 34.308 36.683 40.73 44.512 46.41 52.724 63.455 80.173 116.78 219.57 466.43 1026.6 2279.3 4815.4 10026 19869 37117 62818 86886 1.5201e+05 2.6589e+05 4.481e+05 6.1962e+05 7.132e+05 7.7981e+05 8.3307e+05 8.7463e+05 9.0648e+05
1.2733 0.31445 0.30853 0.33968 0.89355 2.5111 2.6368 0.014061 0.083352 0.21807 0.4597 5.2619 7.6911 10.966 13.843 17.666 21.995 27.171 34.251 42.595 52.556 85.897 156.95 315.02 671.01 1450.5 3099.3 6555.3 15174 25425 40188 69784 1.2148e+05 2.1396e+05 3.2618e+05 3.9213e+05 4.2996e+05 4.5957e+05 4.8274e+05 5.0051e+05
3.2061 3.8653 3.8734 5.3711 41.466 46.987 3.3148 0.0096928 0.01553 0.028863 0.065593 0.25898 0.45935 0.8193 1.3683 2.3747 4.3001 7.3667 11.442 16.782 24.905 38.863 64.452 107.98 217.21 459.65 982.92 2138 4576 9240.1 16647 29705 52674 97953 1.6417e+05 2.128e+05 2.3632e+05 2.5272e+05 2.6559e+05 2.7548e+05
0.0013061 0.0012922 0.0012932 0.0013052 0.0013552 0.0015523 0.0018752 0.0011058 0.0022029 0.0067157 0.014703 0.029367 0.054796 0.10403 0.19621 0.38161 0.70897 1.2728 2.2932 4.2966 8.2706 15.036 26.077 46.303 86.544 160.23 333.13 718.51 1551.8 3303.4 6472.8 12307 22912 43285 78591 1.1234e+05 1.2931e+05 1.3854e+05 1.4566e+05 1.5114e+05
0.014053 0.02709 0.018689 0.019053 0.021047 0.021394 0.0222 0.023044 0.00053003 0.021886 0.019514 0.021988 0.030029 0.049331 0.071931 0.12662 0.24222 0.45711 0.83384 1.5326 2.8404 5.2322 9.6936 18.145 34.532 66.089 129.33 266.38 547.85 1182.3 2459.1 4919.1 9658.7 18566 35876 56821 70025 75728 79646 82677
9.3636e-05 0.0002486 0.00061911 0.001275 NaN 0.0037622 0.0068936 0.012339 0.023059 0.00022165 0.030385 0.041006 0.059568 0.080872 0.2563 0.27452 0.2922 0.33534 0.45175 0.70953 1.2346 2.2643 4.1685 7.7061 14.598 27.925 53.452 104.79 212.41 445.18 942.89 1919 3948.5 7789.5 15717 27314 37039 41251 43436 45103
7.4143e-07 1.7783e-06 4.3606e-06 1.0791e-05 2.6971e-05 6.7505e-05 0.00016871 0.00041267 0.00098437 0.0023082 0.00018334 0.010521 0.024229 0.044996 0.080268 0.1374 0.20824 0.30281 0.43251 0.61583 0.88738 1.315 2.0767 3.5341 6.4386 12.094 22.915 44.492 87.223 175.88 360.12 764.07 1581.6 3212 6658.8 12482 18835 22296 23636 24547
2.5871e-08 6.6685e-08 1.7178e-07 4.4641e-07 1.143e-06 2.9039e-06 7.2468e-06 1.7502e-05 4.0732e-05 9.3022e-05 0.00021583 0.0002242 0.0012815 0.0030825 0.0073251 0.016472 0.037225 0.079992 0.1589 0.28828 0.48413 0.77499 1.2182 1.9275 3.1363 5.3615 9.7238 18.684 36.289 71.78 144.65 297.23 628.91 1301.7 2749.2 5457 9112.6 11819 12831 13335
5.2875e-10 1.3286e-09 3.3854e-09 1.2578e-08 3.2332e-08 1.2521e-07 3.2209e-07 8.4609e-07 2.1743e-06 5.5591e-06 1.4191e-05 3.666e-05 9.539e-05 0.00019861 0.00059057 0.0013973 0.0031722 0.0072672 0.016871 0.038881 0.087676 0.19098 0.39436 0.75636 1.3552 2.3704 4.1675 7.5852 14.412 28.45 57.553 118.12 249.33 523.07 1114.7 2301.8 4185.2 6047 6926.6 7234.8
2.9916e-08 3.9543e-08 4.5943e-08 4.9055e-08 5.1826e-08 5.4858e-08 6.1555e-08 8.0095e-08 1.7725e-07 4.313e-07 1.0235e-06 2.6198e-06 6.634e-06 1.7713e-05 4.5495e-05 0.00011852 0.00030448 0.00077077 0.0019437 0.0048381 0.011708 0.027447 0.063259 0.14415 0.3209 0.68895 1.4201 2.8109 5.4817 10.824 21.91 45.422 96.884 205.76 443.73 942.6 1832 2947 3680.2 3920.3
5.5277e-09 1.3918e-08 3.4413e-08 8.364e-08 2.0102e-07 4.7144e-07 1.0388e-06 2.0537e-06 3.6058e-06 5.7675e-06 8.362e-06 1.0756e-05 1.2607e-05 1.4502e-05 1.7792e-05 2.6028e-05 4.7321e-05 0.00010149 0.00023865 0.00059268 0.0015021 0.0038293 0.0097421 0.024594 0.060922 0.14699 0.34485 0.78902 1.7474 3.7564 7.9387 16.814 36.351 78.836 172.59 375.83 768.92 1360.5 1893.1 2116.2
1.8861e-10 4.8508e-10 1.2475e-09 3.2084e-09 8.251e-09 2.1219e-08 5.4531e-08 1.4005e-07 3.5892e-07 9.1512e-07 2.3077e-06 5.7109e-06 1.3758e-05 3.2078e-05 6.9492e-05 0.00013491 0.00023124 0.00035553 0.00049105 0.00061744 0.0008119 0.0012342 0.0022875 0.0049977 0.012022 0.030196 0.076655 0.19293 0.47465 1.1317 2.6119 5.8814 13.17 29.275 65.37 145.77 311.23 595.88 928.69 1127.5
2.7104e-13 6.9709e-13 1.1805e-11 3.0365e-11 4.5483e-10 1.17e-09 3.0101e-09 7.7409e-09 1.9911e-08 5.1195e-08 1.3164e-07 3.3835e-07 8.6899e-07 2.2227e-06 5.7092e-06 1.4706e-05 3.7355e-05 9.3735e-05 0.00022943 0.00053698 0.0011553 0.0022409 0.0038559 0.0060084 0.0089305 0.014057 0.025821 0.055618 0.13196 0.32435 0.79559 1.9149 4.5303 10.495 24.091 55.085 121.96 249 431.04 583.41
9.4524e-14 2.4311e-13 6.2526e-13 1.6081e-12 4.136e-12 1.0638e-11 2.7525e-11 1.4608e-10 3.7533e-10 4.298e-09 1.1054e-08 2.843e-08 7.306e-08 1.8764e-07 4.8006e-07 1.2319e-06 3.2117e-06 8.2689e-06 2.1244e-05 5.4592e-05 0.00013961 0.00035329 0.00088466 0.0021594 0.0049994 0.010659 0.020598 0.037 0.066212 0.12784 0.27486 0.63625 1.523 3.6414 8.6287 20.285 46.418 99.911 189.25 288.3
3.2981e-14 8.4824e-14 2.1816e-13 5.6109e-13 1.4431e-12 3.7115e-12 9.5462e-12 2.4614e-11 6.3231e-11 1.6249e-10 4.1798e-10 1.3721e-09 9.2634e-09 2.381e-08 6.1109e-08 1.5613e-07 4.0142e-07 1.0423e-06 2.7076e-06 6.9648e-06 1.7921e-05 4.6046e-05 0.00011814 0.00030306 0.00077749 0.0019817 0.0049829 0.012212 0.028473 0.062167 0.1288 0.26563 0.57402 1.3085 3.0789 7.3451 17.239 38.748 79.047 134.71
1.1524e-14 2.9638e-14 7.6226e-14 1.9604e-13 5.0422e-13 1.2968e-12 3.3353e-12 8.6243e-12 2.2125e-11 5.6799e-11 1.4602e-10 3.7556e-10 9.6569e-10 2.4835e-09 6.9356e-09 2.9622e-08 7.5872e-08 1.9459e-07 5.0385e-07 1.3072e-06 3.3632e-06 8.6462e-06 2.2248e-05 5.7271e-05 0.0001473 0.00038122 0.00098441 0.0025391 0.0065394 0.016633 0.041316 0.098612 0.22607 0.50742 1.1523 2.6924 6.3465 14.666 31.686 59.499
4.0688e-15 1.0464e-14 2.6914e-14 6.9219e-14 1.7803e-13 4.5788e-13 1.1776e-12 3.0288e-12 7.82e-12 2.0096e-11 5.1546e-11 1.3252e-10 3.4103e-10 8.7685e-10 2.2551e-09 5.7832e-09 1.5281e-08 5.0138e-08 1.2823e-07 3.3081e-07 8.5523e-07 2.1965e-06 5.6487e-06 1.4543e-05 3.7487e-05 9.6517e-05 0.00025046 0.00064896 0.0016825 0.0043685 0.011301 0.028899 0.072675 0.17809 0.42521 1.0037 2.3645 5.5311 12.425 25.21
1.5029e-15 3.8652e-15 9.9411e-15 2.5568e-14 6.5759e-14 1.6913e-13 4.3498e-13 1.1187e-12 2.9125e-12 7.4204e-12 1.9046e-11 4.8973e-11 1.259e-10 3.2395e-10 8.3296e-10 2.1422e-09 5.4928e-09 1.4112e-08 3.6609e-08 1.0524e-07 2.6951e-07 6.9298e-07 1.7796e-06 4.5761e-06 1.1782e-05 3.0374e-05 7.8137e-05 0.000203 0.00052612 0.0013641 0.0035454 0.009181 0.023625 0.060107 0.15067 0.37196 0.90218 2.1502 4.9715 10.699
6.1337e-16 1.5775e-15 4.0572e-15 1.0435e-14 2.6837e-14 6.9024e-14 1.7752e-13 4.5658e-13 1.1743e-12 3.0293e-12 7.7853e-12 1.9983e-11 5.1394e-11 1.3215e-10 3.4001e-10 8.743e-10 2.2485e-09 5.7645e-09 1.4832e-08 3.774e-08 1.0277e-07 2.6313e-07 6.7473e-07 1.7324e-06 4.454e-06 1.1464e-05 2.9545e-05 7.5957e-05 0.00019725 0.00051064 0.0013229 0.0034293 0.0088782 0.022813 0.058164 0.14704 0.36714 0.89993 2.1442 4.8365
2.8637e-16 7.3645e-16 1.8942e-15 4.8715e-15 1.2529e-14 3.2224e-14 8.2876e-14 2.1315e-13 5.4822e-13 1.4223e-12 3.6336e-12 9.3367e-12 2.3993e-11 6.17e-11 1.5867e-10 4.0824e-10 1.0497e-09 2.6997e-09 6.9361e-09 1.7737e-08 4.5142e-08 1.1905e-07 3.0478e-07 7.814e-07 2.006e-06 5.156e-06 1.3267e-05 3.4177e-05 8.7801e-05 0.00022764 0.00058895 0.0015221 0.0039422 0.010169 0.026083 0.066551 0.16856 0.42159 1.0321 2.4215
7.6624e-17 1.9707e-16 5.0678e-16 1.3035e-15 3.3524e-15 8.6223e-15 2.2176e-14 5.7034e-14 1.4669e-13 3.7726e-13 9.7613e-13 2.5029e-12 6.4254e-12 1.6515e-11 4.2456e-11 1.0918e-10 2.8082e-10 7.2258e-10 1.8579e-09 4.8023e-09 1.2333e-08 3.1578e-08 8.0317e-08 2.0516e-07 5.2486e-07 1.3449e-06 3.4502e-06 8.8618e-06 2.2781e-05 5.8619e-05 0.00015045 0.00038917 0.0010034 0.0025834 0.0066518 0.017089 0.043751 0.11149 0.28186 0.6994
1.7286e-17 4.4454e-17 1.1427e-16 2.9391e-16 7.5594e-16 1.9444e-15 5.0006e-15 1.2862e-14 3.3079e-14 8.5078e-14 2.1881e-13 5.6276e-13 1.4603e-12 3.7349e-12 9.5932e-12 2.4626e-11 6.3334e-11 1.6287e-10 4.1886e-10 1.0774e-09 2.7726e-09 7.1329e-09 1.8347e-08 4.7161e-08 1.2092e-07 3.0781e-07 7.843e-07 2.0039e-06 5.1297e-06 1.315e-05 3.375e-05 8.6688e-05 0.00022255 0.000573 0.0014734 0.0037868 0.0097238 0.024908 0.063835 0.16281
3.8643e-18 9.9341e-18 2.5555e-17 6.5718e-17 1.6893e-16 4.3454e-16 1.1175e-15 2.8743e-15 7.3939e-15 1.9013e-14 4.8907e-14 1.2578e-13 3.2349e-13 8.3198e-13 2.1745e-12 5.5356e-12 1.4189e-11 3.6398e-11 9.3618e-11 2.4074e-10 6.1917e-10 1.5925e-09 4.0953e-09 1.0534e-08 2.711e-08 6.971e-08 1.7929e-07 4.6046e-07 1.1814e-06 3.0017e-06 7.6526e-06 1.956e-05 5.0083e-05 0.00012839 0.00032948 0.00084586 0.002169 0.0055781 0.014324 0.036738
