0.34133 0.34144 0.34154 0.34159 0.34163 0.34157 0.34167 0.34185 0.34133 0.34206 0.34213 0.34133 0.34133 0.34133 0.34133 0.34133 0.34133 0.34133 0.34133 0.34676 0.34695 0.3469 0.34684 0.34671 0.3467 0.34668 0.34669 0.34671 0.34675 0.34681 0.3469 0.34701 0.34717 0.34738 0.34766 0.34805 0.34856 0.34927 0.35024 0.35413 0.37174 0.45507
0.22097 0.3409 0.34143 0.34146 0.34114 0.34154 0.34157 0.34156 0.34178 0.34184 0.34189 0.34205 0.34232 0.22097 0.34284 0.34297 0.22097 0.22097 0.22097 0.34601 0.34672 0.34692 0.34687 0.34682 0.3467 0.3467 0.34669 0.34671 0.34676 0.34681 0.3469 0.34701 0.34717 0.34738 0.34766 0.34805 0.34856 0.34927 0.35023 0.35413 0.37173 0.455
0.21768 0.2407 0.31743 0.3188 0.33974 0.33988 0.34012 0.34152 0.34162 0.34155 0.34164 0.34183 0.34203 0.3423 0.21768 0.34251 0.34265 0.21768 0.21768 0.34464 0.34589 0.34668 0.34689 0.34684 0.34681 0.3467 0.34671 0.34672 0.34676 0.34682 0.3469 0.34701 0.34717 0.34738 0.34766 0.34805 0.34856 0.34926 0.35023 0.35411 0.37165 0.45501
0.21429 0.23757 0.25929 0.26603 0.27226 0.32096 0.32183 0.325 0.33939 0.33931 0.34042 0.34196 0.34181 0.34202 0.3421 0.34217 0.34228 0.34262 0.21429 0.34371 0.34456 0.34576 0.34664 0.34686 0.34683 0.34681 0.34682 0.34674 0.34676 0.34682 0.3469 0.34701 0.34717 0.34738 0.34766 0.34805 0.34856 0.34927 0.35023 0.35412 0.37166 0.45501
0.21096 0.23423 0.25616 0.26323 0.26957 0.2761 0.28 0.29296 0.32694 0.32817 0.32914 0.33957 0.34053 0.3418 0.34187 0.34198 0.342 0.34225 0.34259 0.21096 0.34364 0.34447 0.34564 0.3466 0.34683 0.34684 0.34683 0.34685 0.34678 0.34682 0.3469 0.34701 0.34717 0.34738 0.34766 0.34805 0.34857 0.34926 0.35023 0.35412 0.37166 0.45491
0.20746 0.23091 0.25315 0.26012 0.26658 0.27326 0.27723 0.29072 0.30045 0.30491 0.30819 0.33097 0.33976 0.34051 0.34053 0.34073 0.34136 0.34198 0.34222 0.34255 0.34298 0.34357 0.34438 0.34553 0.34658 0.34682 0.34685 0.34686 0.34689 0.34684 0.3469 0.34701 0.34717 0.34738 0.34766 0.34805 0.34857 0.34927 0.35023 0.35412 0.37168 0.45494
0.20371 0.22733 0.24993 0.25705 0.26365 0.27045 0.27454 0.28818 0.2982 0.30293 0.30642 0.31428 0.33336 0.34045 0.34045 0.34053 0.34065 0.34105 0.34175 0.34219 0.3425 0.34292 0.34349 0.34429 0.34543 0.34657 0.34681 0.34688 0.3469 0.34695 0.34693 0.34702 0.34717 0.34738 0.34766 0.34805 0.34857 0.34927 0.35023 0.35412 0.37167 0.45493
0.1996 0.22353 0.24644 0.25367 0.1996 0.26744 0.27162 0.28572 0.29608 0.30074 0.30435 0.31276 0.32163 0.33532 0.33607 0.33659 0.3368 0.34078 0.34107 0.34165 0.34205 0.34245 0.34286 0.34343 0.34423 0.34534 0.34658 0.34682 0.34692 0.34696 0.34703 0.34704 0.34717 0.34738 0.34766 0.34805 0.34857 0.34927 0.35023 0.35412 0.37168 0.45493
0.19557 0.21947 0.24266 0.25005 0.25695 0.26412 0.26846 0.28297 0.29376 0.29862 0.3024 0.31091 0.32016 0.32716 0.32917 0.33042 0.33686 0.33784 0.34089 0.34118 0.34153 0.34197 0.34239 0.3428 0.34338 0.34417 0.34528 0.34659 0.34685 0.34699 0.34705 0.34715 0.3472 0.34738 0.34766 0.34805 0.34857 0.34927 0.35023 0.35412 0.37168 0.45497
0.19111 0.21512 0.23861 0.24613 0.25318 0.26052 0.26496 0.27993 0.29115 0.29619 0.30016 0.30911 0.31888 0.32595 0.32824 0.32959 0.33122 0.33804 0.33866 0.34099 0.34126 0.34156 0.34194 0.34229 0.34276 0.34334 0.34413 0.34523 0.34663 0.34689 0.34707 0.34716 0.3473 0.34741 0.34767 0.34805 0.34857 0.34927 0.35023 0.35412 0.37168 0.45494
0.18633 0.21044 0.23421 0.24187 0.24907 0.25659 0.26115 0.2766 0.28824 0.29352 0.29765 0.30708 0.31745 0.32495 0.3271 0.32852 0.33024 0.33415 0.33891 0.33919 0.34108 0.34131 0.34157 0.34192 0.34227 0.34273 0.34331 0.3441 0.34519 0.34668 0.34696 0.34719 0.34732 0.34751 0.34769 0.34805 0.34857 0.34927 0.35023 0.35412 0.37168 0.45496
0.18121 0.20538 0.22943 0.23722 0.24457 0.25228 0.25695 0.27291 0.28501 0.29053 0.29486 0.30478 0.31576 0.32377 0.32612 0.32764 0.32945 0.33333 0.33623 0.33955 0.33964 0.34114 0.34125 0.3416 0.3419 0.34226 0.34272 0.3433 0.34409 0.34518 0.34675 0.34706 0.34734 0.34753 0.3478 0.34808 0.34859 0.34927 0.35023 0.35412 0.37168 0.45496
0.17567 0.19989 0.22418 0.23211 0.23961 0.24751 0.25231 0.26879 0.28139 0.28716 0.29171 0.30217 0.3138 0.32244 0.32488 0.32656 0.32852 0.33282 0.33555 0.33768 0.33902 0.33994 0.34118 0.34128 0.34161 0.34191 0.34226 0.3427 0.3433 0.3441 0.34519 0.34684 0.3472 0.34755 0.34781 0.34819 0.34859 0.34929 0.35023 0.35412 0.37168 0.45495
0.16965 0.19387 0.2184 0.22646 0.23411 0.2422 0.24713 0.26416 0.27729 0.28334 0.28812 0.29918 0.31157 0.3208 0.32348 0.32526 0.32745 0.33202 0.33507 0.33709 0.33869 0.33961 0.34071 0.34121 0.34136 0.34163 0.34193 0.34227 0.34272 0.34333 0.34413 0.34524 0.34689 0.34739 0.34784 0.3482 0.3487 0.3493 0.35026 0.35412 0.37168 0.45495
0.16306 0.16306 0.21196 0.22015 0.22795 0.23623 0.2413 0.2589 0.27259 0.27895 0.28398 0.2957 0.30894 0.31891 0.32181 0.32374 0.32609 0.33109 0.33451 0.33671 0.33818 0.33938 0.34005 0.34086 0.34125 0.34137 0.34166 0.34195 0.3423 0.34276 0.34337 0.3442 0.34532 0.34698 0.34766 0.34823 0.34872 0.34941 0.35026 0.35412 0.37168 0.45495
0.15575 0.15575 0.20471 0.21302 0.22096 0.22943 0.23464 0.25284 0.26714 0.27383 0.27914 0.29159 0.30581 0.31662 0.31978 0.3219 0.32447 0.32998 0.33373 0.33625 0.3379 0.33891 0.33986 0.34036 0.34096 0.34128 0.34137 0.3417 0.34199 0.34234 0.34281 0.34345 0.3443 0.34546 0.34716 0.34804 0.34875 0.34942 0.35037 0.35413 0.37168 0.45495
0.14751 0.17139 0.14751 0.20479 0.21288 0.22154 0.22688 0.24571 0.26067 0.26771 0.27335 0.28663 0.30198 0.31378 0.31726 0.31959 0.32245 0.32857 0.33278 0.3356 0.33748 0.33869 0.33942 0.34018 0.34065 0.34105 0.34131 0.34141 0.34174 0.34204 0.34241 0.3429 0.34357 0.34446 0.34568 0.34744 0.34854 0.34945 0.35039 0.35415 0.37168 0.45495
0.13804 0.16157 0.18655 0.19504 0.13804 0.21209 0.21757 0.23704 0.25271 0.26016 0.26615 0.28039 0.29708 0.31011 0.31399 0.31659 0.31979 0.3267 0.33149 0.33472 0.33686 0.3383 0.33922 0.33976 0.3404 0.3408 0.34111 0.34135 0.34144 0.3418 0.3421 0.3425 0.34303 0.34375 0.34469 0.346 0.34785 0.34923 0.35042 0.35426 0.37168 0.45495
0.12683 0.14977 0.17453 0.18306 0.12683 0.20032 0.20593 0.22603 0.24248 0.25038 0.25677 0.27214 0.29047 0.30505 0.30944 0.31241 0.31606 0.32404 0.32963 0.33346 0.33601 0.3377 0.33885 0.33957 0.33999 0.34058 0.34091 0.34117 0.3414 0.3415 0.34187 0.3422 0.34263 0.34321 0.34398 0.34503 0.34645 0.34845 0.35018 0.35428 0.37168 0.45495
0.11324 0.13516 0.15933 0.16777 0.17604 0.18508 0.19076 0.2114 0.22861 0.237 0.24385 0.26054 0.28091 0.29754 0.11324 0.3061 0.3104 0.31992 0.32671 0.33144 0.33464 0.3368 0.33822 0.33918 0.33978 0.34014 0.34067 0.34099 0.34122 0.34143 0.34186 0.34197 0.34234 0.34282 0.34346 0.34433 0.3455 0.34708 0.34931 0.35431 0.37171 0.45495
0.093432 0.11689 0.1398 0.14794 0.156 0.1649 0.17053 0.19137 0.20918 0.21802 0.22532 0.24344 0.26629 0.28563 0.29171 0.29588 0.30112 0.31296 0.32168 0.32791 0.33226 0.3352 0.33717 0.33845 0.33928 0.33986 0.3402 0.3407 0.34095 0.34126 0.34095 0.34177 0.3421 0.34252 0.34308 0.34382 0.3448 0.34614 0.34797 0.35411 0.37182 0.45495
0.077089 0.094869 0.11555 0.12306 0.13057 0.13897 0.14434 0.077089 0.18246 0.19151 0.19909 0.21839 0.24377 0.26637 0.27372 0.27886 0.28541 0.30069 0.31249 0.3213 0.32769 0.33215 0.33515 0.33711 0.33838 0.33921 0.33981 0.34016 0.34041 0.34096 0.34129 0.34106 0.34189 0.34228 0.34277 0.34343 0.34429 0.34546 0.34705 0.35356 0.37183 0.45495
0.056661 0.071167 0.088587 0.095058 0.10161 0.10902 0.11382 0.1323 0.14913 0.15788 0.16532 0.056661 0.21164 0.23711 0.24578 0.25196 0.26001 0.27967 0.2959 0.30884 0.3188 0.32606 0.33108 0.33437 0.3365 0.33791 0.33886 0.33951 0.33998 0.34031 0.3409 0.34129 0.34126 0.34202 0.3425 0.34311 0.34389 0.34494 0.34636 0.35206 0.37185 0.45496
0.03925 0.050209 0.063808 0.068974 0.074265 0.080326 0.084293 0.09987 0.11449 0.12226 0.12897 0.14695 0.17299 0.19922 0.20857 0.21538 0.22447 0.24785 0.26881 0.28703 0.30227 0.31422 0.32284 0.32868 0.33253 0.33509 0.33683 0.33805 0.33895 0.33956 0.34003 0.34073 0.34122 0.34145 0.34217 0.34278 0.34354 0.34452 0.34583 0.35104 0.3718 0.45498
0.028187 0.035998 0.046022 0.049912 0.053939 0.058604 0.061685 0.073995 0.085846 0.09226 0.09786 0.11318 0.13618 0.16042 0.16935 0.17598 0.18498 0.20914 0.23249 0.25476 0.2754 0.2933 0.3073 0.31737 0.32429 0.32905 0.33237 0.33474 0.33647 0.33777 0.3387 0.33943 0.34035 0.34102 0.34117 0.34232 0.34311 0.34409 0.34535 0.35026 0.37153 0.45512
0.024668 0.02987 0.036909 0.039717 0.04266 0.046109 0.048411 0.057763 0.066982 0.072053 0.076524 0.088959 0.10817 0.12907 0.13694 0.14283 0.15089 0.17298 0.19514 0.21759 0.24043 0.26261 0.28202 0.29731 0.30868 0.31699 0.32309 0.32762 0.33103 0.33363 0.3356 0.33709 0.33827 0.33955 0.34054 0.34097 0.34239 0.34347 0.34478 0.34958 0.37009 0.45511
0.030259 0.03265 0.03675 0.038565 0.040469 0.042799 0.044386 0.051042 0.057855 0.061687 0.065109 0.07482 0.090313 0.10776 0.11446 0.11952 0.12649 0.14578 0.16519 0.18494 0.20574 0.22763 0.24901 0.26785 0.28343 0.2959 0.30579 0.31363 0.31985 0.32477 0.32869 0.33173 0.33416 0.3361 0.338 0.33952 0.34032 0.34227 0.3438 0.3488 0.36871 0.45509
0.050726 0.048712 0.048558 0.048958 0.049569 0.050481 0.051187 0.05466 0.058758 0.061241 0.063525 0.070315 0.081855 0.095622 0.10109 0.10527 0.11112 0.12764 0.1445 0.16139 0.1787 0.197 0.2159 0.23411 0.25089 0.26579 0.27883 0.29013 0.29982 0.30804 0.31492 0.32064 0.32529 0.3292 0.33225 0.33515 0.33752 0.33909 0.34174 0.34751 0.36747 0.45482
0.092189 0.085663 0.07985 0.078234 0.076881 0.075654 0.075021 0.073702 0.073851 0.074386 0.075076 0.077874 0.08418 0.09316 0.097025 0.10008 0.10446 0.11752 0.1316 0.14602 0.16051 0.17517 0.19001 0.20472 0.21893 0.23274 0.24601 0.25866 0.27058 0.28162 0.29166 0.30061 0.30847 0.31521 0.32099 0.32576 0.33016 0.33386 0.33664 0.34488 0.36592 0.45419
0.1471 0.13939 0.13162 0.12893 0.1263 0.12345 0.12167 0.11545 0.11075 0.1087 0.1072 0.10429 0.10286 0.10464 0.10608 0.1074 0.10955 0.11718 0.12692 0.138 0.14971 0.16156 0.17319 0.18438 0.19499 0.20555 0.21613 0.22693 0.23799 0.24923 0.26046 0.27144 0.28192 0.29168 0.3006 0.30853 0.31556 0.32199 0.32754 0.33918 0.36324 0.45136
0.22379 0.20646 0.19333 0.18963 0.18629 0.18288 0.18081 0.17349 0.16716 0.16391 0.16116 0.15405 0.14484 0.13761 0.13567 0.13451 0.13332 0.13245 0.13485 0.14001 0.14716 0.15549 0.16421 0.17273 0.18059 0.18822 0.19568 0.20329 0.21131 0.21994 0.22925 0.23922 0.24968 0.26043 0.27117 0.28166 0.29158 0.30086 0.30965 0.32711 0.3578 0.4478
0.35259 0.31388 0.28277 0.27397 0.26615 0.25849 0.25404 0.24002 0.23028 0.22595 0.22254 0.21435 0.20334 0.19195 0.18775 0.18468 0.18058 0.17049 0.16301 0.15886 0.15802 0.16001 0.16395 0.16882 0.17419 0.17951 0.18464 0.1897 0.19487 0.2004 0.20648 0.21332 0.22103 0.22967 0.23917 0.2494 0.26013 0.27104 0.28195 0.30679 0.34674 0.44176
0.558 0.48762 0.42856 0.4112 0.39549 0.37964 0.3703 0.33987 0.31804 0.30838 0.30095 0.28419 0.26597 0.25167 0.24702 0.24366 0.23905 0.22633 0.21324 0.20053 0.18984 0.18214 0.17774 0.1762 0.17677 0.17862 0.18116 0.18402 0.18708 0.19033 0.19387 0.19783 0.20239 0.20772 0.21398 0.22129 0.22969 0.23917 0.24959 0.27681 0.32649 0.43011
0.86491 0.74984 0.65169 0.6224 0.59567 0.5684 0.55219 0.49825 0.4581 0.4398 0.4254 0.39191 0.35358 0.32382 0.31488 0.30885 0.30135 0.28416 0.26986 0.25586 0.24119 0.22633 0.21272 0.20171 0.19388 0.18902 0.18658 0.18581 0.18616 0.18722 0.18878 0.19073 0.19307 0.19587 0.19926 0.20338 0.20841 0.21452 0.22187 0.24417 0.2964 0.40853
1.3055 1.1281 0.97572 0.93002 0.88818 0.84533 0.81988 0.73408 0.66929 0.63938 0.61561 0.55938 0.49247 0.43731 0.41994 0.40795 0.39279 0.35789 0.33129 0.31121 0.29502 0.27992 0.26411 0.24756 0.23151 0.21761 0.20675 0.19903 0.1941 0.19126 0.18994 0.18967 0.19013 0.19114 0.19262 0.1946 0.19714 0.20039 0.20452 0.21877 0.262 0.37445
1.9239 1.6601 1.4332 1.365 1.3024 1.2382 1.1998 1.0707 0.97262 0.92712 0.89083 0.80439 0.6999 0.61145 0.58289 0.56291 0.53723 0.47577 0.42585 0.38636 0.35607 0.33326 0.31525 0.29913 0.28247 0.26465 0.2467 0.23041 0.21702 0.20695 0.2 0.19553 0.19294 0.19167 0.19133 0.19169 0.19261 0.19406 0.19612 0.20405 0.2336 0.33242
2.7813 2.3986 2.069 1.9697 1.8787 1.7852 1.7293 1.541 1.3977 1.331 1.2778 1.1506 0.99596 0.86364 0.82049 0.79012 0.75084 0.65521 0.57479 0.50794 0.45336 0.40989 0.37632 0.35103 0.33138 0.31434 0.29702 0.2783 0.25894 0.24078 0.22533 0.21336 0.20479 0.19905 0.19548 0.19347 0.19259 0.19255 0.19319 0.19727 0.21633 0.29434
3.9632 3.4169 2.9462 2.8044 2.6743 2.5407 2.4608 2.1915 1.9862 1.8908 1.8144 1.6319 1.4093 1.2181 1.1555 1.1113 1.054 0.91354 0.79371 0.69199 0.60626 0.53482 0.47625 0.42937 0.39295 0.36543 0.34427 0.32646 0.30858 0.28926 0.26889 0.24934 0.23223 0.21874 0.20887 0.2021 0.19783 0.19533 0.19416 0.19514 0.2079 0.26957
5.5874 4.8167 4.1525 3.9523 3.7687 3.58 3.4672 3.0868 2.7969 2.6619 2.554 2.2959 1.9807 1.7094 1.6204 1.5576 1.476 1.2755 1.1034 0.95597 0.83011 0.72315 0.6329 0.55753 0.49556 0.44571 0.40679 0.37724 0.35471 0.33608 0.31788 0.2982 0.27718 0.25651 0.2382 0.22351 0.21261 0.20511 0.20033 0.19639 0.20481 0.25687
7.817 6.7383 5.8086 5.5284 5.2713 5.0073 4.8493 4.3167 3.9106 3.7216 3.5705 3.2088 2.767 2.3864 2.2616 2.1733 2.0587 1.7766 1.5339 1.3252 1.1461 0.99265 0.86157 0.75011 0.65595 0.57718 0.51221 0.45975 0.41858 0.38718 0.36338 0.34401 0.32558 0.30575 0.28434 0.26292 0.24369 0.22807 0.21642 0.20241 0.20467 0.25141
