0.34153 0.34164 0.34175 0.34179 0.34184 0.34177 0.34188 0.34206 0.34153 0.34227 0.34234 0.34153 0.34153 0.34153 0.34153 0.34153 0.34153 0.34153 0.34153 0.34702 0.34725 0.34723 0.34722 0.34712 0.34713 0.34713 0.34715 0.34718 0.34723 0.34729 0.34738 0.3475 0.34765 0.34787 0.34815 0.34855 0.34906 0.34977 0.35075 0.35467 0.37239 0.45626
0.2211 0.3411 0.34164 0.34167 0.34134 0.34174 0.34177 0.34177 0.34199 0.34205 0.3421 0.34226 0.34253 0.2211 0.34306 0.34319 0.2211 0.2211 0.2211 0.34628 0.34702 0.34726 0.34724 0.34723 0.34713 0.34715 0.34715 0.34718 0.34723 0.34729 0.34738 0.3475 0.34766 0.34787 0.34815 0.34854 0.34906 0.34977 0.35074 0.35467 0.37238 0.45618
0.21781 0.24084 0.31762 0.31899 0.33994 0.34008 0.34032 0.34172 0.34182 0.34176 0.34184 0.34203 0.34224 0.34251 0.21781 0.34273 0.34287 0.21781 0.21781 0.34491 0.34618 0.34701 0.34727 0.34725 0.34724 0.34715 0.34718 0.34719 0.34723 0.34729 0.34738 0.3475 0.34766 0.34787 0.34815 0.34855 0.34907 0.34977 0.35075 0.35465 0.37231 0.4562
0.21442 0.23771 0.25944 0.26619 0.27242 0.32115 0.32202 0.32519 0.33959 0.33951 0.34062 0.34216 0.34202 0.34223 0.34232 0.34239 0.34249 0.34285 0.21442 0.34397 0.34485 0.34609 0.34701 0.34727 0.34727 0.34726 0.34728 0.34721 0.34724 0.3473 0.34738 0.3475 0.34765 0.34787 0.34815 0.34854 0.34906 0.34977 0.35074 0.35466 0.37232 0.4562
0.21107 0.23437 0.25631 0.26338 0.26973 0.27626 0.28016 0.29313 0.32713 0.32837 0.32934 0.33978 0.34074 0.34201 0.34208 0.3422 0.34222 0.34248 0.34283 0.21107 0.34393 0.3448 0.34601 0.34701 0.34726 0.34729 0.34729 0.34732 0.34726 0.3473 0.34738 0.3475 0.34765 0.34787 0.34815 0.34854 0.34907 0.34977 0.35074 0.35466 0.37232 0.4561
0.20756 0.23103 0.25329 0.26026 0.26673 0.27341 0.27738 0.29089 0.30062 0.30508 0.30837 0.33116 0.33996 0.34072 0.34074 0.34094 0.34158 0.3422 0.34246 0.34281 0.34327 0.34389 0.34474 0.34593 0.34701 0.34727 0.34731 0.34733 0.34737 0.34732 0.34739 0.3475 0.34766 0.34787 0.34815 0.34854 0.34907 0.34977 0.35074 0.35466 0.37233 0.45613
0.20377 0.22742 0.25004 0.25716 0.26378 0.27059 0.27467 0.28833 0.29836 0.3031 0.30659 0.31446 0.33356 0.34065 0.34066 0.34074 0.34086 0.34127 0.34199 0.34245 0.34279 0.34324 0.34386 0.3447 0.34586 0.34702 0.34727 0.34735 0.34738 0.34743 0.34741 0.3475 0.34766 0.34787 0.34815 0.34854 0.34907 0.34977 0.35074 0.35466 0.37233 0.45612
0.19952 0.22354 0.24649 0.25373 0.19952 0.26752 0.2717 0.28583 0.2962 0.30087 0.30449 0.31291 0.3218 0.33551 0.33626 0.33678 0.337 0.34099 0.3413 0.34191 0.34234 0.34277 0.34322 0.34383 0.34465 0.34579 0.34704 0.34729 0.3474 0.34744 0.34752 0.34753 0.34766 0.34787 0.34816 0.34854 0.34907 0.34977 0.35074 0.35466 0.37233 0.45612
0.19535 0.21931 0.24256 0.24997 0.25689 0.26408 0.26843 0.28298 0.2938 0.29867 0.30246 0.311 0.32028 0.32731 0.32933 0.33058 0.33704 0.33804 0.3411 0.34142 0.3418 0.34229 0.34275 0.3432 0.3438 0.34461 0.34574 0.34706 0.34732 0.34747 0.34753 0.34763 0.34768 0.34787 0.34816 0.34855 0.34907 0.34977 0.35074 0.35466 0.37233 0.45615
0.19039 0.21453 0.23815 0.24572 0.2528 0.26019 0.26464 0.2797 0.29099 0.29605 0.30005 0.30905 0.31888 0.32601 0.32832 0.32968 0.33133 0.33818 0.33883 0.34121 0.34151 0.34186 0.34228 0.34268 0.34318 0.34377 0.34458 0.34569 0.3471 0.34737 0.34755 0.34765 0.34779 0.3479 0.34816 0.34855 0.34907 0.34977 0.35074 0.35466 0.37234 0.45613
0.18448 0.20884 0.23289 0.24064 0.24792 0.25554 0.26015 0.27578 0.28756 0.29291 0.29709 0.30665 0.31716 0.32479 0.32697 0.32842 0.33017 0.33416 0.33899 0.33933 0.34128 0.34157 0.34189 0.34228 0.34267 0.34316 0.34375 0.34456 0.34566 0.34715 0.34744 0.34767 0.3478 0.348 0.34818 0.34855 0.34907 0.34977 0.35074 0.35466 0.37233 0.45615
0.17677 0.20146 0.2261 0.23409 0.24162 0.24953 0.25432 0.27068 0.28311 0.28878 0.29323 0.30343 0.31475 0.32304 0.32548 0.32706 0.32895 0.33302 0.33606 0.3395 0.3397 0.34129 0.34149 0.3419 0.34226 0.34265 0.34313 0.34374 0.34454 0.34564 0.34722 0.34753 0.34782 0.34801 0.34829 0.34857 0.34909 0.34977 0.35074 0.35466 0.37233 0.45614
0.1658 0.19097 0.21642 0.22474 0.23262 0.24092 0.24598 0.26332 0.27661 0.28271 0.28752 0.29862 0.31103 0.32032 0.32298 0.3248 0.32695 0.33168 0.33476 0.33716 0.33872 0.33983 0.34122 0.34144 0.34185 0.34222 0.34261 0.34309 0.34372 0.34453 0.34564 0.34731 0.34767 0.34803 0.3483 0.34868 0.34909 0.3498 0.35074 0.35466 0.37233 0.45614
0.14953 0.1752 0.20167 0.21043 0.21877 0.2276 0.233 0.25169 0.26618 0.2729 0.27822 0.29062 0.30471 0.31542 0.31857 0.32068 0.3233 0.32888 0.33274 0.33541 0.33751 0.33883 0.34025 0.34099 0.34132 0.34173 0.34212 0.34254 0.34305 0.34369 0.34453 0.34566 0.34733 0.34785 0.34831 0.34868 0.34919 0.34979 0.35076 0.35466 0.37233 0.45614
0.12678 0.12678 0.17956 0.18873 0.19752 0.20691 0.2127 0.23296 0.24898 0.2565 0.26251 0.27672 0.29326 0.30624 0.31015 0.3128 0.31607 0.3233 0.32854 0.33221 0.33485 0.33697 0.33834 0.3397 0.3405 0.34094 0.34147 0.34193 0.3424 0.34296 0.34365 0.34453 0.34569 0.34739 0.34809 0.34868 0.34919 0.34989 0.35075 0.35465 0.37233 0.45614
0.099925 0.099925 0.15038 0.15953 0.16841 0.17801 0.18399 0.2053 0.2226 0.2309 0.2376 0.25379 0.27337 0.28947 0.29448 0.29793 0.30226 0.31217 0.31969 0.32535 0.32955 0.33261 0.33516 0.33692 0.33848 0.33953 0.34019 0.34093 0.34153 0.34212 0.34277 0.34354 0.34449 0.34573 0.34749 0.34841 0.34916 0.34986 0.35083 0.35464 0.37232 0.45614
0.075119 0.095794 0.075119 0.1279 0.13616 0.1452 0.15089 0.17159 0.18893 0.19743 0.2044 0.22164 0.24347 0.26249 0.26869 0.27303 0.27861 0.29195 0.30279 0.31149 0.31839 0.3238 0.32795 0.33144 0.33407 0.33615 0.33772 0.33882 0.3399 0.34077 0.34158 0.3424 0.34332 0.3444 0.34576 0.34763 0.34881 0.34978 0.35077 0.35463 0.37231 0.45613
0.056856 0.073924 0.093946 0.10116 0.056856 0.11622 0.12124 0.13977 0.15564 0.16354 0.17009 0.18657 0.20819 0.22796 0.23467 0.23946 0.24575 0.26156 0.27545 0.28752 0.29784 0.30661 0.31387 0.31977 0.32482 0.32879 0.33195 0.33444 0.33629 0.338 0.33935 0.34054 0.34168 0.34285 0.34414 0.34571 0.34777 0.34929 0.3506 0.35464 0.37228 0.45612
0.044829 0.059098 0.076055 0.082226 0.044829 0.095224 0.099583 0.11581 0.12984 0.13687 0.14271 0.15748 0.17696 0.195 0.2012 0.20567 0.21161 0.22698 0.24133 0.25479 0.26735 0.27897 0.28954 0.29889 0.30697 0.31413 0.32001 0.32485 0.3288 0.33188 0.3346 0.33676 0.33862 0.34028 0.34189 0.34357 0.34547 0.34784 0.34985 0.35439 0.37219 0.45608
0.036682 0.04897 0.063789 0.069239 0.074706 0.080817 0.084728 0.099395 0.11218 0.1186 0.12394 0.13743 0.15505 0.17101 0.036682 0.18024 0.18531 0.19828 0.21039 0.2221 0.23368 0.24533 0.25691 0.26826 0.27909 0.28913 0.29846 0.30662 0.31364 0.31959 0.32476 0.32874 0.33221 0.33514 0.3377 0.34006 0.34237 0.34483 0.34773 0.35376 0.37198 0.45598
0.030781 0.041358 0.054556 0.059479 0.064452 0.070055 0.073663 0.087346 0.099445 0.10557 0.1107 0.12367 0.14061 0.15569 0.16065 0.16414 0.16866 0.17976 0.18946 0.19837 0.20705 0.21591 0.22531 0.23528 0.24577 0.2566 0.26742 0.27816 0.2882 0.29749 0.30531 0.31302 0.31926 0.3246 0.32916 0.33313 0.33667 0.34001 0.3434 0.35195 0.37149 0.45575
0.025829 0.035172 0.046904 0.051351 0.055881 0.061031 0.064374 0.025829 0.088841 0.094804 0.099827 0.11271 0.12979 0.14508 0.15008 0.15357 0.15805 0.16869 0.17734 0.18456 0.19094 0.19698 0.20324 0.21 0.21748 0.2258 0.23501 0.24491 0.25534 0.26623 0.27688 0.28664 0.29649 0.30508 0.31274 0.31949 0.32544 0.33076 0.3357 0.34756 0.37002 0.45515
0.022095 0.03011 0.040381 0.044334 0.048397 0.053059 0.05611 0.068029 0.079048 0.084805 0.089708 0.022095 0.11995 0.13598 0.14129 0.14501 0.14978 0.16102 0.16986 0.17676 0.18225 0.18682 0.19109 0.19533 0.19986 0.20493 0.21075 0.21749 0.22524 0.23397 0.24381 0.2542 0.26465 0.27565 0.28608 0.29595 0.3051 0.31347 0.32116 0.33763 0.3665 0.45366
0.019554 0.026296 0.035092 0.038525 0.042081 0.046196 0.04891 0.059676 0.069867 0.075289 0.07996 0.092394 0.10996 0.12675 0.13245 0.13648 0.14169 0.15412 0.16393 0.17142 0.17707 0.18142 0.18487 0.18795 0.19085 0.19383 0.19709 0.20084 0.2053 0.21059 0.21688 0.2245 0.23311 0.24252 0.25304 0.26392 0.275 0.28598 0.29664 0.32003 0.35849 0.45009
0.018687 0.02418 0.03149 0.034382 0.037399 0.040919 0.043257 0.052661 0.061765 0.066692 0.070986 0.082649 0.099758 0.1169 0.1229 0.12721 0.13286 0.14667 0.15787 0.1665 0.17295 0.17773 0.18123 0.18407 0.18642 0.1885 0.19051 0.1926 0.19494 0.19771 0.20101 0.20508 0.2103 0.21649 0.2235 0.23233 0.24199 0.25262 0.264 0.29224 0.34218 0.44207
0.020733 0.024817 0.030515 0.032822 0.035255 0.038122 0.040043 0.047889 0.055661 0.059938 0.063707 0.074151 0.090059 0.1068 0.11288 0.11732 0.12324 0.13821 0.15089 0.16099 0.16865 0.17431 0.17847 0.18147 0.18386 0.18575 0.18735 0.18878 0.19018 0.19167 0.19335 0.19533 0.1978 0.20113 0.20517 0.20984 0.2163 0.22371 0.2325 0.25826 0.31401 0.42532
0.028905 0.0308 0.034293 0.035883 0.037547 0.039606 0.041015 0.046962 0.053086 0.056538 0.059622 0.068367 0.082243 0.097616 0.10341 0.10772 0.11358 0.12902 0.14288 0.15445 0.16356 0.17042 0.17547 0.17905 0.18182 0.18391 0.18553 0.18683 0.18793 0.18893 0.18993 0.19096 0.19218 0.19367 0.19577 0.19831 0.20111 0.20559 0.21079 0.22839 0.27817 0.39599
0.050422 0.048209 0.0478 0.048101 0.048609 0.049404 0.050032 0.053189 0.056976 0.059288 0.061418 0.067768 0.078566 0.091381 0.096432 0.10027 0.1056 0.12032 0.13446 0.14706 0.15752 0.16573 0.1719 0.17631 0.1797 0.18221 0.18409 0.18553 0.18665 0.18755 0.18832 0.18905 0.18974 0.19059 0.19148 0.19287 0.19451 0.1962 0.19932 0.20942 0.24509 0.35525
0.09222 0.085639 0.079741 0.078088 0.076696 0.075423 0.074759 0.07331 0.073328 0.073788 0.074411 0.077017 0.082995 0.091553 0.095234 0.098133 0.10229 0.11455 0.12743 0.13989 0.15104 0.16034 0.16766 0.17321 0.1772 0.18029 0.18259 0.18432 0.18563 0.18663 0.18742 0.18806 0.18865 0.1892 0.18981 0.19043 0.19146 0.19265 0.19375 0.19989 0.22301 0.31362
0.1472 0.13948 0.1317 0.12901 0.12637 0.1235 0.12171 0.11545 0.1107 0.10863 0.10711 0.10412 0.10255 0.10415 0.10551 0.10677 0.10881 0.1161 0.12533 0.13557 0.14583 0.15522 0.1632 0.16959 0.17433 0.17807 0.18088 0.18299 0.18458 0.18578 0.1867 0.18742 0.188 0.1885 0.189 0.18947 0.19004 0.19094 0.19191 0.19569 0.21152 0.28186
0.22393 0.20659 0.19345 0.18975 0.18641 0.183 0.18093 0.1736 0.16726 0.164 0.16124 0.15412 0.14486 0.13756 0.13559 0.1344 0.13318 0.13217 0.13436 0.13918 0.14574 0.15304 0.16018 0.16652 0.1716 0.17579 0.17904 0.18152 0.18343 0.18487 0.18598 0.18683 0.1875 0.18805 0.18854 0.18903 0.1895 0.19008 0.19099 0.1936 0.20634 0.26394
0.3528 0.31407 0.28294 0.27414 0.26631 0.25865 0.25419 0.24017 0.23043 0.22609 0.22268 0.21449 0.20347 0.19206 0.18786 0.18477 0.18066 0.17052 0.16297 0.15869 0.15763 0.15921 0.16252 0.16648 0.17067 0.17446 0.17767 0.18027 0.18234 0.18398 0.18525 0.18625 0.18703 0.18767 0.18821 0.18871 0.18923 0.18976 0.19042 0.19318 0.20412 0.25536
0.55834 0.48791 0.42882 0.41144 0.39573 0.37987 0.37053 0.34008 0.31823 0.30857 0.30113 0.28437 0.26614 0.25183 0.24718 0.24381 0.23921 0.22648 0.21337 0.20062 0.18987 0.18203 0.1774 0.1755 0.17559 0.17681 0.17853 0.18034 0.18202 0.1835 0.18474 0.18577 0.18662 0.18732 0.18792 0.18846 0.18899 0.18958 0.19026 0.19278 0.20305 0.25153
0.86542 0.75029 0.65209 0.62278 0.59603 0.56874 0.55252 0.49855 0.45837 0.44007 0.42565 0.39215 0.3538 0.32403 0.31508 0.30905 0.30155 0.28436 0.27005 0.25605 0.24137 0.22649 0.21282 0.20168 0.19367 0.18855 0.18578 0.18456 0.18434 0.18466 0.18523 0.18589 0.18655 0.18717 0.18775 0.18829 0.18884 0.18942 0.19012 0.19244 0.20273 0.24979
1.3063 1.1288 0.9763 0.93058 0.88872 0.84583 0.82037 0.73453 0.66969 0.63977 0.61598 0.55972 0.49277 0.43758 0.42021 0.40821 0.39304 0.35813 0.33153 0.31145 0.29527 0.28019 0.26438 0.24781 0.2317 0.21769 0.20669 0.19879 0.19362 0.19046 0.18874 0.18793 0.18769 0.18777 0.18803 0.1884 0.18885 0.18939 0.19005 0.19239 0.20251 0.24898
1.925 1.6611 1.4341 1.3658 1.3032 1.2389 1.2005 1.0713 0.9732 0.92768 0.89136 0.80488 0.70033 0.61183 0.58326 0.56327 0.53758 0.47609 0.42615 0.38665 0.35637 0.33358 0.31559 0.29948 0.28281 0.26497 0.24696 0.23059 0.21709 0.20689 0.19976 0.19507 0.19218 0.19053 0.18969 0.18938 0.18941 0.1897 0.19021 0.19243 0.2024 0.24855
2.783 2.4001 2.0702 1.9709 1.8798 1.7863 1.7303 1.5419 1.3985 1.3318 1.2786 1.1513 0.99658 0.86418 0.82101 0.79063 0.75133 0.65565 0.57519 0.50833 0.45375 0.41029 0.37673 0.35145 0.3318 0.31475 0.29742 0.27866 0.25925 0.24102 0.22549 0.21342 0.20472 0.19882 0.19503 0.19276 0.19152 0.191 0.191 0.19264 0.20233 0.24814
3.9655 3.419 2.948 2.8061 2.6759 2.5423 2.4623 2.1928 1.9874 1.8919 1.8155 1.6329 1.4102 1.2188 1.1562 1.112 1.0547 0.91415 0.79427 0.69251 0.60677 0.53533 0.47676 0.42987 0.39344 0.36591 0.34474 0.3269 0.309 0.28965 0.26924 0.24963 0.23245 0.21888 0.20892 0.20203 0.19761 0.19491 0.19349 0.19348 0.20228 0.24817
5.5908 4.8196 4.1549 3.9547 3.7709 3.5822 3.4693 3.0887 2.7985 2.6635 2.5555 2.2973 1.9819 1.7105 1.6215 1.5586 1.477 1.2763 1.1042 0.9567 0.83081 0.72385 0.63358 0.55818 0.49617 0.44629 0.40734 0.37775 0.3552 0.33654 0.31832 0.29861 0.27755 0.25683 0.23846 0.22371 0.21274 0.20516 0.20027 0.19594 0.20278 0.24816
7.8217 6.7423 5.812 5.5317 5.2745 5.0103 4.8522 4.3193 3.913 3.7239 3.5726 3.2108 2.7687 2.3879 2.263 2.1747 2.06 1.7778 1.5349 1.3262 1.1471 0.9936 0.86249 0.75099 0.65677 0.57793 0.5129 0.46037 0.41916 0.38772 0.36389 0.34449 0.32604 0.30618 0.28474 0.26327 0.24399 0.22832 0.21661 0.20244 0.2041 0.24828
