0.34154 0.34165 0.34175 0.3418 0.34184 0.34178 0.34188 0.34206 0.34154 0.34228 0.34235 0.34154 0.34154 0.34154 0.34154 0.34154 0.34154 0.34154 0.34154 0.34703 0.34726 0.34724 0.34722 0.34712 0.34714 0.34713 0.34716 0.34719 0.34724 0.3473 0.34739 0.34751 0.34766 0.34787 0.34816 0.34855 0.34907 0.34978 0.35076 0.35468 0.3724 0.45627
0.2211 0.34111 0.34164 0.34167 0.34135 0.34175 0.34177 0.34177 0.34199 0.34205 0.34211 0.34226 0.34254 0.2211 0.34307 0.3432 0.2211 0.2211 0.2211 0.34628 0.34702 0.34726 0.34724 0.34724 0.34714 0.34716 0.34716 0.34719 0.34724 0.3473 0.34739 0.34751 0.34766 0.34788 0.34816 0.34855 0.34907 0.34978 0.35075 0.35468 0.37239 0.4562
0.21781 0.24085 0.31762 0.31899 0.33994 0.34008 0.34032 0.34173 0.34183 0.34176 0.34185 0.34204 0.34225 0.34252 0.21781 0.34274 0.34288 0.21781 0.21781 0.34491 0.34619 0.34702 0.34727 0.34726 0.34725 0.34716 0.34718 0.3472 0.34724 0.3473 0.34739 0.34751 0.34766 0.34788 0.34816 0.34855 0.34907 0.34978 0.35075 0.35466 0.37231 0.45622
0.21441 0.23771 0.25944 0.26619 0.27242 0.32115 0.32202 0.32519 0.33959 0.33952 0.34063 0.34217 0.34203 0.34223 0.34232 0.34239 0.3425 0.34286 0.21441 0.34398 0.34486 0.3461 0.34702 0.34728 0.34727 0.34727 0.34729 0.34722 0.34724 0.3473 0.34739 0.34751 0.34766 0.34787 0.34816 0.34855 0.34907 0.34978 0.35075 0.35467 0.37233 0.45621
0.21106 0.23435 0.2563 0.26337 0.26972 0.27625 0.28015 0.29313 0.32713 0.32836 0.32933 0.33978 0.34074 0.34202 0.34208 0.3422 0.34222 0.34248 0.34283 0.21106 0.34394 0.3448 0.34602 0.34702 0.34727 0.34729 0.3473 0.34733 0.34727 0.34731 0.34739 0.34751 0.34766 0.34787 0.34816 0.34855 0.34907 0.34978 0.35075 0.35467 0.37233 0.45611
0.20752 0.23099 0.25326 0.26023 0.2667 0.27338 0.27736 0.29087 0.3006 0.30507 0.30836 0.33115 0.33995 0.34072 0.34074 0.34094 0.34158 0.3422 0.34246 0.34281 0.34327 0.3439 0.34475 0.34594 0.34702 0.34727 0.34732 0.34733 0.34737 0.34733 0.34739 0.34751 0.34766 0.34787 0.34816 0.34855 0.34907 0.34978 0.35075 0.35467 0.37234 0.45614
0.20368 0.22732 0.24996 0.25708 0.2637 0.27051 0.2746 0.28827 0.2983 0.30305 0.30654 0.31442 0.33353 0.34063 0.34064 0.34073 0.34084 0.34126 0.34198 0.34245 0.34279 0.34325 0.34386 0.3447 0.34586 0.34703 0.34728 0.34736 0.34738 0.34744 0.34742 0.34751 0.34766 0.34788 0.34816 0.34855 0.34907 0.34978 0.35075 0.35467 0.37234 0.45613
0.19917 0.22331 0.24628 0.25352 0.19917 0.26734 0.27152 0.28567 0.29606 0.30074 0.30437 0.31281 0.32172 0.33544 0.3362 0.33673 0.33695 0.34096 0.34128 0.34189 0.34233 0.34276 0.34322 0.34383 0.34465 0.34579 0.34704 0.3473 0.34741 0.34745 0.34752 0.34753 0.34767 0.34788 0.34816 0.34855 0.34907 0.34978 0.35075 0.35467 0.37234 0.45614
0.19476 0.21875 0.24204 0.24946 0.2564 0.2636 0.26797 0.28257 0.29343 0.29833 0.30214 0.31073 0.32006 0.32714 0.32917 0.33044 0.3369 0.33794 0.34103 0.34137 0.34176 0.34227 0.34273 0.34319 0.34379 0.34461 0.34574 0.34706 0.34732 0.34747 0.34753 0.34764 0.34769 0.34788 0.34816 0.34855 0.34907 0.34978 0.35075 0.35467 0.37234 0.45617
0.18899 0.21318 0.23688 0.24448 0.2516 0.25903 0.26352 0.27868 0.29008 0.29519 0.29924 0.30834 0.31833 0.32557 0.32792 0.32931 0.33099 0.33792 0.33864 0.34106 0.3414 0.34178 0.34223 0.34264 0.34315 0.34376 0.34457 0.34568 0.3471 0.34737 0.34755 0.34765 0.3478 0.3479 0.34816 0.34855 0.34907 0.34978 0.35075 0.35467 0.37235 0.45614
0.18129 0.20573 0.22992 0.23773 0.24509 0.25279 0.25746 0.27334 0.28535 0.29082 0.2951 0.30491 0.31576 0.32369 0.32597 0.32748 0.32932 0.33351 0.33849 0.33896 0.341 0.34136 0.34174 0.34217 0.34259 0.3431 0.34371 0.34453 0.34564 0.34714 0.34743 0.34766 0.3478 0.348 0.34818 0.34855 0.34907 0.34978 0.35075 0.35467 0.37234 0.45616
0.17 0.19472 0.21951 0.2276 0.23526 0.24332 0.24822 0.26505 0.27794 0.28386 0.28852 0.29929 0.31136 0.32034 0.323 0.32474 0.32684 0.33139 0.33482 0.33855 0.33899 0.34076 0.34109 0.3416 0.34204 0.34249 0.34302 0.34365 0.34448 0.3456 0.34719 0.34751 0.34781 0.34801 0.34828 0.34857 0.34909 0.34977 0.35075 0.35467 0.37234 0.45616
0.15296 0.17777 0.20314 0.21154 0.21954 0.22803 0.23323 0.25129 0.26537 0.27193 0.27713 0.28931 0.30324 0.31398 0.31714 0.3193 0.3219 0.32773 0.33171 0.33482 0.33695 0.33849 0.34021 0.34068 0.34129 0.3418 0.3423 0.34286 0.34355 0.34441 0.34555 0.34724 0.34762 0.348 0.34827 0.34866 0.34908 0.34979 0.35074 0.35466 0.37234 0.45616
0.12913 0.15328 0.17864 0.1872 0.19543 0.20426 0.20972 0.22899 0.24442 0.25174 0.25762 0.27164 0.28828 0.30162 0.30571 0.30849 0.312 0.31982 0.32559 0.32984 0.33322 0.33555 0.33775 0.3391 0.3399 0.34066 0.34132 0.34195 0.3426 0.34336 0.34428 0.34548 0.34719 0.34775 0.34824 0.34863 0.34916 0.34977 0.35074 0.35465 0.37234 0.45615
0.10165 0.10165 0.14767 0.15592 0.16395 0.17267 0.17811 0.19771 0.21388 0.22173 0.22812 0.24378 0.26322 0.27974 0.28503 0.2887 0.29338 0.30437 0.31308 0.31981 0.32505 0.3293 0.33241 0.33513 0.33702 0.3383 0.33947 0.34042 0.34127 0.34211 0.34301 0.34405 0.34534 0.34712 0.3479 0.34853 0.34908 0.34981 0.3507 0.35463 0.37233 0.45615
0.077262 0.077262 0.11743 0.12485 0.13213 0.14011 0.14513 0.16348 0.17899 0.18665 0.19297 0.20877 0.22926 0.24775 0.25394 0.25835 0.2641 0.27832 0.29048 0.30075 0.30925 0.31617 0.32202 0.32656 0.33039 0.33327 0.33538 0.33726 0.33874 0.34001 0.34118 0.34234 0.34359 0.34506 0.34698 0.34803 0.34888 0.34965 0.35068 0.35457 0.3723 0.45614
0.059996 0.076203 0.059996 0.10104 0.10745 0.1145 0.11895 0.1353 0.14922 0.15613 0.16185 0.17623 0.19516 0.21274 0.21881 0.2232 0.22903 0.24412 0.25811 0.27099 0.28269 0.29312 0.30218 0.31018 0.31684 0.32237 0.32684 0.33033 0.33333 0.33572 0.33771 0.33946 0.34108 0.34271 0.34448 0.34666 0.34809 0.34924 0.35037 0.35442 0.37224 0.45611
0.048819 0.06304 0.079388 0.085228 0.048819 0.097374 0.10141 0.11624 0.12886 0.13511 0.14026 0.15314 0.16982 0.185 0.19017 0.19391 0.19888 0.21186 0.22434 0.2366 0.24871 0.26066 0.27217 0.28295 0.29307 0.30203 0.30984 0.31648 0.32191 0.32662 0.33044 0.33363 0.33635 0.33876 0.34103 0.34334 0.34596 0.34793 0.34957 0.35411 0.37209 0.45605
0.041106 0.053923 0.068931 0.074352 0.041106 0.085715 0.089508 0.10354 0.11554 0.12147 0.12637 0.13853 0.154 0.16756 0.17203 0.17519 0.17932 0.18969 0.19925 0.20853 0.21796 0.22788 0.23836 0.24926 0.26032 0.27153 0.2822 0.29214 0.30112 0.30894 0.31589 0.32174 0.32669 0.33092 0.3346 0.33793 0.34113 0.34451 0.34731 0.35306 0.3717 0.45589
0.035075 0.046704 0.060622 0.065723 0.070829 0.076528 0.080169 0.093775 0.10555 0.11142 0.11628 0.12839 0.14377 0.15701 0.035075 0.16422 0.16801 0.17708 0.1847 0.19147 0.19788 0.20453 0.21169 0.21962 0.2284 0.23799 0.2485 0.25933 0.27024 0.28086 0.29105 0.30013 0.30838 0.31564 0.32198 0.32753 0.33249 0.3371 0.34171 0.3505 0.37075 0.45548
0.029938 0.040403 0.053211 0.057981 0.062798 0.068221 0.071711 0.084929 0.096584 0.10247 0.10738 0.11974 0.13565 0.14942 0.15383 0.15688 0.16075 0.16974 0.17681 0.18248 0.1873 0.19168 0.19612 0.20089 0.20625 0.21244 0.21955 0.22788 0.2371 0.24723 0.25751 0.2688 0.27959 0.28991 0.29954 0.30833 0.31628 0.32348 0.33015 0.34431 0.36846 0.45446
0.025553 0.034776 0.046344 0.050726 0.055191 0.060265 0.063558 0.025553 0.087642 0.093503 0.098435 0.11106 0.12771 0.14245 0.1472 0.15051 0.1547 0.1644 0.17182 0.17745 0.18181 0.18528 0.1884 0.19138 0.19447 0.19789 0.20187 0.20655 0.21215 0.21905 0.22698 0.23562 0.24591 0.25659 0.26767 0.27879 0.28963 0.29998 0.30977 0.33113 0.36286 0.45194
0.021983 0.029948 0.04015 0.044077 0.048112 0.052742 0.055772 0.067609 0.078551 0.084266 0.089131 0.021983 0.11909 0.1349 0.14011 0.14375 0.14841 0.15926 0.16759 0.17381 0.17841 0.18179 0.18454 0.18684 0.18891 0.19094 0.19309 0.19553 0.19842 0.20192 0.20646 0.21188 0.21812 0.22608 0.23499 0.245 0.2559 0.26741 0.27923 0.30698 0.35088 0.44603
0.019509 0.02623 0.034998 0.03842 0.041964 0.046066 0.048771 0.059503 0.069663 0.075067 0.079722 0.092113 0.10961 0.12631 0.13197 0.13597 0.14113 0.15341 0.16302 0.17023 0.17551 0.17938 0.18218 0.1844 0.18619 0.18772 0.18912 0.19051 0.19203 0.19374 0.19582 0.19864 0.20205 0.20611 0.21151 0.21795 0.2257 0.23477 0.24517 0.27376 0.32856 0.43321
0.018669 0.024155 0.031453 0.03434 0.037352 0.040867 0.043201 0.052591 0.061682 0.066602 0.070889 0.082534 0.099615 0.11672 0.12271 0.12701 0.13264 0.14639 0.1575 0.16603 0.17233 0.17691 0.18016 0.18265 0.18453 0.186 0.1872 0.18823 0.18918 0.19016 0.1912 0.19243 0.19418 0.19625 0.19852 0.20217 0.20642 0.21179 0.21847 0.24015 0.29547 0.409
0.020727 0.024807 0.030501 0.032806 0.035237 0.038102 0.040021 0.047862 0.055627 0.059902 0.063668 0.074105 0.090001 0.10673 0.1128 0.11724 0.12315 0.13809 0.15075 0.1608 0.16841 0.17399 0.17804 0.18091 0.18311 0.18476 0.18603 0.18702 0.18783 0.18856 0.18921 0.18988 0.19063 0.19177 0.19307 0.19436 0.19679 0.19953 0.20312 0.21612 0.25917 0.37189
0.028903 0.030797 0.034288 0.035878 0.037541 0.039599 0.041007 0.046952 0.053074 0.056524 0.059607 0.06835 0.08222 0.097587 0.10338 0.10769 0.11355 0.12898 0.14282 0.15438 0.16347 0.1703 0.17531 0.17883 0.18153 0.18353 0.18501 0.18614 0.18701 0.18769 0.18827 0.18874 0.18923 0.18975 0.19058 0.19147 0.19216 0.19398 0.19588 0.20313 0.23159 0.32998
0.050422 0.048208 0.047799 0.0481 0.048608 0.049402 0.05003 0.053186 0.056973 0.059284 0.061413 0.067762 0.078558 0.09137 0.096421 0.10026 0.10559 0.1203 0.13444 0.14703 0.15748 0.16568 0.17184 0.17623 0.17958 0.18206 0.18389 0.18526 0.18629 0.18707 0.18767 0.18818 0.18857 0.18902 0.18938 0.19007 0.19078 0.19124 0.19277 0.1972 0.21593 0.29541
0.092221 0.08564 0.079742 0.078089 0.076697 0.075424 0.07476 0.07331 0.073327 0.073788 0.07441 0.077016 0.082994 0.09155 0.095231 0.09813 0.10229 0.11455 0.12742 0.13988 0.15102 0.16032 0.16764 0.17318 0.17716 0.18023 0.18252 0.18422 0.18549 0.18644 0.18716 0.18772 0.18819 0.18858 0.18899 0.18931 0.18997 0.19065 0.19107 0.19466 0.20848 0.27331
0.1472 0.13949 0.1317 0.12901 0.12637 0.1235 0.12171 0.11545 0.1107 0.10863 0.10711 0.10412 0.10255 0.10415 0.10551 0.10677 0.10881 0.1161 0.12533 0.13557 0.14583 0.15522 0.16319 0.16958 0.17432 0.17805 0.18085 0.18295 0.18452 0.18571 0.1866 0.18729 0.18782 0.18826 0.18868 0.18904 0.18946 0.19015 0.19084 0.19358 0.2052 0.26049
0.22393 0.20659 0.19345 0.18976 0.18642 0.183 0.18093 0.1736 0.16727 0.16401 0.16125 0.15412 0.14487 0.13756 0.13559 0.1344 0.13318 0.13217 0.13436 0.13918 0.14574 0.15304 0.16017 0.16652 0.17159 0.17579 0.17903 0.18151 0.18341 0.18485 0.18595 0.18678 0.18744 0.18796 0.18841 0.18886 0.18927 0.18978 0.19058 0.19276 0.20376 0.25427
0.35281 0.31408 0.28295 0.27414 0.26631 0.25865 0.2542 0.24017 0.23043 0.2261 0.22268 0.21449 0.20347 0.19206 0.18786 0.18477 0.18066 0.17052 0.16297 0.15869 0.15763 0.15921 0.16252 0.16648 0.17067 0.17446 0.17767 0.18027 0.18234 0.18397 0.18524 0.18623 0.18701 0.18763 0.18816 0.18864 0.18914 0.18964 0.19026 0.19285 0.2031 0.25135
0.55835 0.48792 0.42882 0.41145 0.39574 0.37987 0.37053 0.34009 0.31823 0.30858 0.30114 0.28437 0.26614 0.25183 0.24718 0.24382 0.23921 0.22648 0.21337 0.20063 0.18987 0.18203 0.1774 0.17551 0.17559 0.17681 0.17853 0.18034 0.18202 0.18349 0.18474 0.18577 0.18661 0.18731 0.1879 0.18844 0.18896 0.18954 0.1902 0.19266 0.20265 0.24993
0.86544 0.7503 0.6521 0.62279 0.59604 0.56875 0.55253 0.49855 0.45838 0.44008 0.42566 0.39216 0.35381 0.32403 0.31509 0.30905 0.30155 0.28436 0.27006 0.25606 0.24138 0.2265 0.21283 0.20169 0.19367 0.18856 0.18578 0.18457 0.18434 0.18466 0.18523 0.1859 0.18655 0.18717 0.18774 0.18829 0.18883 0.18941 0.1901 0.1924 0.20257 0.24917
1.3063 1.1288 0.97632 0.93059 0.88873 0.84585 0.82038 0.73454 0.6697 0.63978 0.61599 0.55973 0.49278 0.43759 0.42022 0.40822 0.39305 0.35813 0.33154 0.31146 0.29528 0.28019 0.26439 0.24781 0.2317 0.2177 0.2067 0.1988 0.19363 0.19047 0.18874 0.18793 0.18769 0.18777 0.18803 0.1884 0.18885 0.18939 0.19005 0.19237 0.20245 0.24874
1.925 1.6612 1.4341 1.3658 1.3032 1.2389 1.2005 1.0713 0.97322 0.9277 0.89138 0.8049 0.70034 0.61184 0.58327 0.56328 0.53759 0.4761 0.42616 0.38666 0.35638 0.33358 0.3156 0.29949 0.28282 0.26497 0.24696 0.23059 0.21709 0.20689 0.19977 0.19507 0.19219 0.19054 0.1897 0.18938 0.18942 0.1897 0.19021 0.19243 0.20238 0.24847
2.783 2.4001 2.0703 1.971 1.8799 1.7863 1.7304 1.542 1.3985 1.3318 1.2786 1.1514 0.9966 0.8642 0.82103 0.79064 0.75134 0.65567 0.5752 0.50834 0.45376 0.4103 0.37674 0.35146 0.33181 0.31475 0.29742 0.27867 0.25925 0.24103 0.22549 0.21342 0.20472 0.19882 0.19504 0.19276 0.19152 0.191 0.191 0.19265 0.20233 0.24811
3.9656 3.419 2.948 2.8062 2.676 2.5423 2.4623 2.1928 1.9875 1.8919 1.8156 1.633 1.4102 1.2189 1.1562 1.112 1.0547 0.91417 0.79429 0.69253 0.60678 0.53534 0.47677 0.42988 0.39345 0.36591 0.34474 0.32691 0.30901 0.28965 0.26924 0.24963 0.23245 0.21889 0.20892 0.20203 0.19761 0.19492 0.19349 0.19349 0.20228 0.24817
5.5908 4.8196 4.155 3.9547 3.771 3.5823 3.4693 3.0887 2.7986 2.6636 2.5556 2.2973 1.982 1.7105 1.6215 1.5586 1.477 1.2764 1.1042 0.95672 0.83083 0.72386 0.63359 0.55819 0.49619 0.4463 0.40734 0.37776 0.3552 0.33655 0.31833 0.29862 0.27755 0.25684 0.23847 0.22372 0.21275 0.20516 0.20027 0.19594 0.20278 0.24816
7.8217 6.7424 5.8121 5.5318 5.2746 5.0103 4.8523 4.3194 3.9131 3.7239 3.5727 3.2108 2.7688 2.388 2.263 2.1747 2.0601 1.7778 1.535 1.3263 1.1471 0.99362 0.86251 0.751 0.65678 0.57794 0.51291 0.46038 0.41917 0.38773 0.36389 0.3445 0.32604 0.30619 0.28474 0.26327 0.244 0.22833 0.21662 0.20245 0.20411 0.24829
