0.34154 0.34165 0.34175 0.3418 0.34184 0.34178 0.34188 0.34206 0.34154 0.34228 0.34235 0.34154 0.34154 0.34154 0.34154 0.34154 0.34154 0.34154 0.34154 0.34703 0.34726 0.34724 0.34723 0.34713 0.34714 0.34714 0.34716 0.34719 0.34724 0.3473 0.34739 0.34751 0.34766 0.34788 0.34816 0.34855 0.34907 0.34978 0.35076 0.35468 0.3724 0.45616
0.2211 0.34111 0.34164 0.34167 0.34135 0.34175 0.34177 0.34177 0.34199 0.34205 0.34211 0.34226 0.34254 0.2211 0.34307 0.3432 0.2211 0.2211 0.2211 0.34629 0.34703 0.34726 0.34725 0.34724 0.34714 0.34716 0.34716 0.34719 0.34724 0.3473 0.34739 0.34751 0.34766 0.34788 0.34816 0.34855 0.34907 0.34978 0.35075 0.35468 0.37239 0.45591
0.2178 0.24084 0.31762 0.31898 0.33994 0.34008 0.34032 0.34173 0.34183 0.34176 0.34185 0.34204 0.34225 0.34252 0.2178 0.34274 0.34288 0.2178 0.2178 0.34492 0.34619 0.34702 0.34727 0.34726 0.34725 0.34716 0.34718 0.3472 0.34724 0.3473 0.34739 0.34751 0.34766 0.34788 0.34816 0.34856 0.34907 0.34978 0.35075 0.35466 0.37232 0.45558
0.21441 0.2377 0.25943 0.26618 0.27241 0.32115 0.32202 0.32519 0.33959 0.33951 0.34062 0.34216 0.34203 0.34223 0.34232 0.34239 0.3425 0.34286 0.21441 0.34398 0.34486 0.3461 0.34702 0.34728 0.34727 0.34727 0.34729 0.34722 0.34724 0.34731 0.34739 0.34751 0.34766 0.34788 0.34816 0.34855 0.34907 0.34978 0.35075 0.35467 0.37233 0.45495
0.21104 0.23433 0.25628 0.26335 0.2697 0.27624 0.28014 0.29312 0.32712 0.32835 0.32932 0.33977 0.34074 0.34201 0.34208 0.3422 0.34222 0.34248 0.34283 0.21104 0.34394 0.3448 0.34602 0.34702 0.34727 0.34729 0.3473 0.34733 0.34727 0.34731 0.34739 0.34751 0.34766 0.34788 0.34816 0.34855 0.34908 0.34978 0.35075 0.35467 0.37233 0.45396
0.20746 0.23094 0.25321 0.26019 0.26666 0.27334 0.27732 0.29083 0.30058 0.30504 0.30833 0.33113 0.33994 0.3407 0.34072 0.34093 0.34157 0.3422 0.34246 0.34281 0.34327 0.3439 0.34475 0.34594 0.34702 0.34727 0.34732 0.34734 0.34738 0.34733 0.3474 0.34751 0.34766 0.34788 0.34816 0.34855 0.34908 0.34978 0.35075 0.35467 0.37235 0.45311
0.20353 0.22719 0.24984 0.25697 0.26359 0.27041 0.27451 0.28818 0.29823 0.30298 0.30648 0.31436 0.33348 0.34059 0.34061 0.3407 0.34082 0.34124 0.34197 0.34244 0.34278 0.34324 0.34386 0.3447 0.34586 0.34703 0.34728 0.34736 0.34738 0.34744 0.34742 0.34751 0.34766 0.34788 0.34816 0.34855 0.34908 0.34978 0.35075 0.35467 0.37234 0.45248
0.19865 0.22298 0.24598 0.25324 0.19865 0.26708 0.27127 0.28545 0.29587 0.30056 0.3042 0.31267 0.32161 0.33535 0.33612 0.33666 0.33688 0.34091 0.34124 0.34186 0.34231 0.34275 0.34321 0.34382 0.34465 0.34579 0.34704 0.34729 0.34741 0.34745 0.34752 0.34753 0.34767 0.34788 0.34816 0.34855 0.34908 0.34978 0.35075 0.35467 0.37235 0.45216
0.19389 0.21795 0.24132 0.24877 0.25574 0.26298 0.26736 0.28204 0.29296 0.29789 0.30172 0.31037 0.31978 0.32692 0.32898 0.33025 0.33673 0.33781 0.34094 0.34129 0.34171 0.34223 0.3427 0.34317 0.34378 0.3446 0.34573 0.34706 0.34732 0.34747 0.34753 0.34764 0.34769 0.34788 0.34816 0.34855 0.34907 0.34978 0.35075 0.35467 0.37235 0.45205
0.187 0.21133 0.23519 0.24285 0.25003 0.25753 0.26206 0.27739 0.28892 0.29411 0.29821 0.30746 0.31762 0.32502 0.32742 0.32884 0.33057 0.3376 0.33839 0.34088 0.34127 0.34168 0.34215 0.34258 0.34311 0.34373 0.34455 0.34567 0.34708 0.34736 0.34755 0.34765 0.34779 0.3479 0.34816 0.34855 0.34907 0.34978 0.35075 0.35467 0.37235 0.45196
0.17701 0.20167 0.22615 0.23408 0.24155 0.24939 0.25414 0.27035 0.28265 0.28827 0.29268 0.3028 0.31406 0.32234 0.32474 0.32633 0.32827 0.33271 0.33787 0.33849 0.34064 0.3411 0.34154 0.34203 0.34248 0.34302 0.34365 0.34449 0.3456 0.34711 0.34741 0.34765 0.34779 0.348 0.34818 0.34855 0.34907 0.34978 0.35075 0.35467 0.37235 0.45196
0.16174 0.18668 0.21185 0.22011 0.22794 0.23621 0.24125 0.25864 0.27206 0.27826 0.28316 0.29454 0.30744 0.31718 0.32009 0.32201 0.32434 0.32944 0.33331 0.33739 0.33811 0.3401 0.34059 0.34123 0.34176 0.34228 0.34286 0.34353 0.34439 0.34553 0.34714 0.34748 0.34778 0.34799 0.34827 0.34856 0.34909 0.34977 0.35074 0.35467 0.37234 0.45194
0.13957 0.16422 0.18974 0.19825 0.2064 0.21509 0.22044 0.23917 0.25396 0.26092 0.26647 0.27961 0.29496 0.30709 0.31073 0.31324 0.31629 0.32325 0.32819 0.33209 0.33484 0.33688 0.33898 0.33975 0.34059 0.34127 0.34191 0.34256 0.34333 0.34424 0.34543 0.34715 0.34755 0.34795 0.34824 0.34863 0.34906 0.34978 0.35073 0.35466 0.37234 0.45194
0.11233 0.13542 0.16004 0.16844 0.17657 0.18534 0.1908 0.21026 0.22612 0.23374 0.23992 0.25489 0.27317 0.2884 0.2932 0.29652 0.30074 0.31047 0.31798 0.32375 0.3284 0.33179 0.33483 0.33686 0.33819 0.33937 0.34035 0.34121 0.34205 0.34294 0.34397 0.34524 0.34702 0.34762 0.34814 0.34856 0.3491 0.34973 0.35072 0.35464 0.37233 0.45193
0.086402 0.086402 0.1288 0.13651 0.14404 0.15225 0.1574 0.17609 0.19173 0.19941 0.20572 0.22138 0.24142 0.25919 0.26507 0.26923 0.27462 0.28774 0.29874 0.30774 0.3151 0.32123 0.32597 0.33005 0.33305 0.33524 0.33711 0.33862 0.33991 0.34108 0.34223 0.34346 0.3449 0.34679 0.34764 0.34835 0.34894 0.34971 0.35062 0.35459 0.37231 0.45193
0.067176 0.067176 0.10372 0.1105 0.11715 0.12443 0.12902 0.1458 0.15999 0.16701 0.17282 0.18739 0.2065 0.22419 0.23027 0.23465 0.24046 0.25535 0.26889 0.28108 0.29187 0.3012 0.30941 0.31616 0.32195 0.32653 0.33006 0.3331 0.33552 0.33754 0.33929 0.3409 0.3425 0.34423 0.34635 0.34756 0.34852 0.34939 0.35048 0.35447 0.37227 0.45191
0.054722 0.069839 0.054722 0.092987 0.098939 0.10547 0.10959 0.12466 0.13738 0.14366 0.14883 0.16174 0.17849 0.19387 0.19917 0.203 0.20812 0.22157 0.23452 0.24713 0.25937 0.2711 0.28205 0.2923 0.30137 0.30931 0.31603 0.32154 0.32629 0.33015 0.33335 0.33607 0.33847 0.3407 0.34295 0.34549 0.3472 0.34858 0.34987 0.35417 0.37215 0.45188
0.04641 0.060092 0.075809 0.081415 0.04641 0.093051 0.096904 0.11103 0.12296 0.12882 0.13364 0.14555 0.16064 0.17395 0.17838 0.18154 0.18569 0.19633 0.20641 0.21642 0.22666 0.23735 0.24839 0.25954 0.27079 0.28152 0.29152 0.30056 0.30841 0.31541 0.32129 0.32627 0.33051 0.33418 0.33745 0.34057 0.34382 0.34629 0.34833 0.35346 0.37184 0.45181
0.040076 0.052653 0.067379 0.072695 0.040076 0.083827 0.087539 0.10125 0.11292 0.11867 0.12341 0.1351 0.14976 0.16229 0.16633 0.16914 0.17277 0.18156 0.18921 0.19631 0.20332 0.21075 0.21885 0.22773 0.23736 0.24789 0.25872 0.26963 0.28026 0.2902 0.29952 0.30778 0.31505 0.32138 0.3269 0.33179 0.33628 0.3407 0.34435 0.35146 0.37108 0.45162
0.034646 0.046173 0.059972 0.065028 0.070089 0.075736 0.079343 0.092811 0.10445 0.11024 0.11503 0.12694 0.14197 0.15474 0.034646 0.1616 0.16515 0.17343 0.18006 0.18556 0.19041 0.19518 0.20017 0.20569 0.21195 0.21909 0.22745 0.23668 0.24672 0.25732 0.2683 0.27891 0.2892 0.29878 0.30753 0.31541 0.3225 0.32898 0.33519 0.34675 0.3692 0.45113
0.029712 0.040184 0.052942 0.057694 0.062492 0.067893 0.071369 0.084531 0.096129 0.10198 0.10686 0.11914 0.13491 0.14849 0.15281 0.15579 0.15956 0.16822 0.17485 0.17995 0.18401 0.18742 0.19065 0.19391 0.19744 0.2015 0.20622 0.21201 0.21872 0.2266 0.23515 0.24539 0.25597 0.26694 0.27794 0.28867 0.29888 0.30846 0.31745 0.33625 0.36484 0.44991
0.025481 0.034686 0.046234 0.050608 0.055065 0.06013 0.063417 0.025481 0.087455 0.093303 0.098224 0.11082 0.12741 0.14207 0.14679 0.15007 0.15422 0.16378 0.17103 0.17642 0.18046 0.18351 0.18608 0.18834 0.1905 0.19275 0.19527 0.19818 0.20169 0.20623 0.21162 0.21771 0.22567 0.23446 0.24434 0.25507 0.26637 0.27794 0.28952 0.3161 0.35502 0.44691
0.021953 0.029911 0.040105 0.044028 0.04806 0.052687 0.055714 0.067542 0.078474 0.084184 0.089045 0.021953 0.11897 0.13475 0.13994 0.14358 0.14821 0.15902 0.16728 0.17339 0.17787 0.18108 0.1836 0.18559 0.18727 0.18877 0.19024 0.19179 0.19356 0.19565 0.19847 0.20185 0.20576 0.21118 0.21751 0.22511 0.23399 0.24411 0.25534 0.28478 0.33606 0.43993
0.019497 0.026216 0.03498 0.0384 0.041943 0.046044 0.048748 0.059475 0.069631 0.075033 0.079687 0.092073 0.10956 0.12625 0.1319 0.1359 0.14106 0.15331 0.16289 0.17006 0.1753 0.1791 0.1818 0.18391 0.18553 0.18684 0.18796 0.18897 0.18999 0.19105 0.19228 0.19402 0.19607 0.19846 0.20186 0.20601 0.21122 0.21768 0.22556 0.25 0.30608 0.42498
0.018665 0.024149 0.031446 0.034332 0.037344 0.040858 0.043191 0.05258 0.061669 0.066588 0.070874 0.082518 0.099595 0.1167 0.12268 0.12698 0.1326 0.14635 0.15745 0.16596 0.17225 0.1768 0.18001 0.18245 0.18427 0.18566 0.18674 0.18762 0.18836 0.18907 0.18974 0.19049 0.19162 0.19288 0.19411 0.19645 0.19908 0.20249 0.20689 0.22246 0.27041 0.39733
0.020725 0.024805 0.030498 0.032803 0.035234 0.038098 0.040017 0.047857 0.055622 0.059897 0.063663 0.074098 0.089993 0.10672 0.11279 0.11723 0.12313 0.13808 0.15073 0.16078 0.16838 0.17395 0.17799 0.18083 0.18301 0.18463 0.18585 0.18678 0.18751 0.18812 0.18864 0.1891 0.1896 0.1904 0.19124 0.19193 0.19357 0.19532 0.19763 0.20638 0.23954 0.35674
0.028903 0.030796 0.034287 0.035877 0.03754 0.039598 0.041006 0.046951 0.053072 0.056522 0.059605 0.068347 0.082217 0.097584 0.10338 0.10769 0.11354 0.12897 0.14281 0.15437 0.16345 0.17028 0.17528 0.17881 0.18149 0.18347 0.18494 0.18605 0.18688 0.18752 0.18804 0.18844 0.18882 0.1892 0.18984 0.19049 0.19085 0.19223 0.19356 0.19869 0.22028 0.31419
0.050422 0.048209 0.047799 0.0481 0.048608 0.049402 0.050029 0.053186 0.056972 0.059283 0.061413 0.067762 0.078558 0.091369 0.096419 0.10026 0.10559 0.1203 0.13443 0.14702 0.15748 0.16567 0.17183 0.17622 0.17957 0.18204 0.18386 0.18522 0.18624 0.187 0.18758 0.18806 0.18841 0.18881 0.18909 0.18968 0.19026 0.19054 0.19184 0.19535 0.21061 0.2831
0.092222 0.085641 0.079742 0.078089 0.076697 0.075424 0.07476 0.073311 0.073328 0.073788 0.07441 0.077016 0.082994 0.09155 0.09523 0.098129 0.10229 0.11455 0.12742 0.13988 0.15102 0.16032 0.16764 0.17318 0.17715 0.18023 0.18251 0.1842 0.18547 0.18642 0.18713 0.18768 0.18813 0.1885 0.18887 0.18916 0.18977 0.19038 0.1907 0.19392 0.20623 0.26604
0.1472 0.13949 0.1317 0.12901 0.12637 0.1235 0.12171 0.11545 0.1107 0.10863 0.10711 0.10412 0.10255 0.10415 0.10551 0.10677 0.10881 0.1161 0.12533 0.13557 0.14583 0.15522 0.16319 0.16958 0.17432 0.17805 0.18084 0.18294 0.18452 0.1857 0.18659 0.18727 0.1878 0.18823 0.18863 0.18898 0.18938 0.19005 0.1907 0.19329 0.20429 0.257
0.22393 0.20659 0.19345 0.18976 0.18642 0.183 0.18093 0.1736 0.16727 0.16401 0.16125 0.15412 0.14487 0.13756 0.13559 0.1344 0.13318 0.13217 0.13436 0.13918 0.14574 0.15304 0.16018 0.16652 0.17159 0.17579 0.17903 0.18151 0.18341 0.18485 0.18594 0.18678 0.18743 0.18795 0.1884 0.18884 0.18924 0.18974 0.19052 0.19265 0.20341 0.25278
0.35281 0.31408 0.28295 0.27414 0.26631 0.25865 0.2542 0.24017 0.23043 0.2261 0.22268 0.2145 0.20347 0.19206 0.18786 0.18478 0.18066 0.17052 0.16297 0.15869 0.15763 0.15922 0.16252 0.16648 0.17067 0.17446 0.17767 0.18027 0.18234 0.18397 0.18524 0.18623 0.187 0.18763 0.18816 0.18864 0.18913 0.18962 0.19024 0.19281 0.20297 0.25075
0.55835 0.48792 0.42882 0.41145 0.39574 0.37988 0.37053 0.34009 0.31824 0.30858 0.30114 0.28437 0.26614 0.25183 0.24719 0.24382 0.23921 0.22648 0.21338 0.20063 0.18987 0.18203 0.1774 0.17551 0.17559 0.17681 0.17853 0.18034 0.18202 0.1835 0.18474 0.18577 0.18661 0.18731 0.1879 0.18844 0.18896 0.18954 0.19019 0.19264 0.2026 0.24969
0.86544 0.7503 0.6521 0.62279 0.59604 0.56876 0.55253 0.49856 0.45839 0.44008 0.42566 0.39216 0.35381 0.32404 0.31509 0.30905 0.30155 0.28436 0.27006 0.25606 0.24138 0.2265 0.21283 0.20169 0.19367 0.18856 0.18578 0.18457 0.18434 0.18466 0.18523 0.1859 0.18655 0.18717 0.18774 0.18829 0.18883 0.18941 0.1901 0.19239 0.20255 0.24907
1.3063 1.1288 0.97632 0.9306 0.88874 0.84585 0.82039 0.73454 0.66971 0.63978 0.61599 0.55974 0.49279 0.4376 0.42022 0.40822 0.39305 0.35814 0.33154 0.31146 0.29528 0.28019 0.26439 0.24782 0.2317 0.2177 0.2067 0.1988 0.19363 0.19047 0.18874 0.18794 0.18769 0.18777 0.18803 0.1884 0.18885 0.18939 0.19004 0.19237 0.20245 0.24871
1.9251 1.6612 1.4341 1.3658 1.3032 1.2389 1.2005 1.0714 0.97322 0.9277 0.89139 0.8049 0.70035 0.61184 0.58328 0.56328 0.53759 0.4761 0.42616 0.38666 0.35638 0.33359 0.3156 0.29949 0.28282 0.26497 0.24697 0.23059 0.2171 0.20689 0.19977 0.19507 0.19219 0.19054 0.1897 0.18938 0.18942 0.1897 0.19021 0.19243 0.20238 0.24845
2.783 2.4001 2.0703 1.971 1.8799 1.7863 1.7304 1.542 1.3985 1.3319 1.2786 1.1514 0.9966 0.8642 0.82103 0.79065 0.75135 0.65567 0.57521 0.50834 0.45376 0.4103 0.37674 0.35146 0.33181 0.31475 0.29742 0.27867 0.25925 0.24103 0.22549 0.21342 0.20472 0.19882 0.19504 0.19276 0.19152 0.191 0.191 0.19265 0.20233 0.24811
3.9656 3.419 2.9481 2.8062 2.676 2.5423 2.4623 2.1929 1.9875 1.8919 1.8156 1.633 1.4102 1.2189 1.1562 1.112 1.0547 0.91417 0.79429 0.69253 0.60679 0.53534 0.47677 0.42988 0.39345 0.36592 0.34475 0.32691 0.30901 0.28966 0.26924 0.24963 0.23245 0.21889 0.20892 0.20203 0.19761 0.19492 0.19349 0.19349 0.20228 0.24817
5.5909 4.8197 4.155 3.9548 3.771 3.5823 3.4693 3.0888 2.7986 2.6636 2.5556 2.2973 1.982 1.7105 1.6215 1.5586 1.477 1.2764 1.1042 0.95672 0.83084 0.72386 0.63359 0.5582 0.49619 0.44631 0.40735 0.37776 0.35521 0.33655 0.31833 0.29862 0.27755 0.25684 0.23847 0.22372 0.21275 0.20516 0.20027 0.19594 0.20278 0.24816
7.8218 6.7424 5.8121 5.5318 5.2746 5.0104 4.8523 4.3194 3.9131 3.724 3.5727 3.2109 2.7688 2.388 2.263 2.1748 2.0601 1.7778 1.535 1.3263 1.1471 0.99362 0.86251 0.75101 0.65679 0.57794 0.51291 0.46038 0.41917 0.38773 0.3639 0.3445 0.32605 0.30619 0.28474 0.26328 0.244 0.22833 0.21662 0.20245 0.20411 0.24829
