1.032e-15 9.2815e-16 3.9339e-15 3.9107e-15 3.8806e-15 3.8554e-15 1.4174e-15 1.9579e-15 1.032e-15 6.6165e-16 5.0158e-16 1.032e-15 1.032e-15 1.032e-15 1.032e-15 1.032e-15 1.032e-15 1.032e-15 1.032e-15 0.025968 0.0075174 0.055081 0.027614 1.9297 0.0051998 4.1327e-05 4.6395e-07 4.651e-09 1.7847e-09 2.2457e-08 8.363e-10 2.5027e-14 1.1662e-14 5.0844e-15 2.1087e-15 8.6216e-16 3.7445e-16 1.8562e-16 1.0673e-16 4.2769e-17 1.3061e-17 3.1721e-18
3.4296e-12 6.0357e-11 1.9925e-15 1.8829e-15 1.7879e-15 1.6701e-14 1.6651e-14 5.1148e-15 8.419e-15 2.4397e-15 2.1021e-15 1.1026e-15 3.5097e-09 3.4296e-12 0.030377 0.013919 3.4296e-12 3.4296e-12 3.4296e-12 0.025967 0.011345 0.2414 0.027602 1.964 0.011379 9.8375e-05 1.0021e-06 1.1952e-08 1.7996e-09 3.8931e-08 2.1497e-09 6.4367e-14 2.9994e-14 1.3077e-14 5.4233e-15 2.2174e-15 9.6307e-16 4.774e-16 2.7448e-16 1.1e-16 3.3588e-17 8.1546e-18
1.1398e-08 1.1398e-08 1.1398e-08 5.9786e-08 3.1458e-09 4.1254e-09 3.6354e-09 3.774e-15 1.0479e-14 7.0459e-15 4.2471e-15 2.849e-15 0.0026788 0.0014166 1.1398e-08 0.025371 2.2661e-06 1.1398e-08 1.1398e-08 0.027945 0.011341 0.019515 0.027473 1.1115 0.023712 0.00022028 2.1026e-06 3.0679e-08 1.7827e-09 5.9423e-08 5.5213e-09 3.5505e-11 7.7143e-14 3.3632e-14 1.3948e-14 5.703e-15 2.4769e-15 1.2278e-15 7.0599e-16 2.8287e-16 8.6339e-17 2.0977e-17
1.0425e-08 2.4009e-08 6.2588e-08 8.5373e-08 1.1466e-07 1.7442e-07 2.101e-07 4.1682e-07 7.7939e-07 5.7391e-07 6.6773e-08 7.3001e-15 4.5156e-11 0.00141 3.3786e-08 0.025699 0.014284 0.01471 1.0425e-08 0.030438 0.012689 1.1589 0.027244 1.1844 0.064961 0.00044342 4.6069e-06 1.0342e-07 1.7256e-09 8.1957e-08 1.4151e-08 9.133e-11 1.984e-13 8.65e-14 3.5873e-14 1.4667e-14 6.3704e-15 3.1578e-15 1.8157e-15 7.2756e-16 2.2207e-16 5.3946e-17
7.4224e-09 2.3749e-08 5.816e-08 7.9718e-08 1.0722e-07 1.4707e-07 1.7879e-07 3.6712e-07 7.2058e-07 1.0573e-06 1.3276e-06 2.1702e-06 0.17328 9.9662e-11 9.4303e-11 4.0173e-10 7.1866e-09 1.49e-07 0.044976 7.4224e-09 0.013244 0.045919 0.02717 3.1392 7.4224e-09 0.00078759 1.0425e-05 2.6358e-07 7.4049e-09 1.1092e-07 3.6073e-08 1.3756e-09 5.1029e-13 2.2247e-13 9.2265e-14 3.7723e-14 1.6384e-14 8.1216e-15 4.6697e-15 1.8712e-15 5.7116e-16 1.3867e-16
2.5381e-06 2.0654e-08 6.686e-08 4.4834e-07 1.0035e-07 1.4599e-07 1.7757e-07 3.7205e-07 6.8697e-07 9.1419e-07 1.16e-06 1.9944e-06 0.030195 0.052319 0.23177 0.84825 0.10745 9.686e-10 0.01042 0.03124 0.013797 0.043841 0.029424 1.8438 0.37754 0.0012478 2.4348e-05 8.3588e-07 1.6369e-08 1.6357e-07 9.0713e-08 3.5385e-09 1.3125e-12 5.7219e-13 2.373e-13 9.7023e-14 4.214e-14 2.0888e-14 1.201e-14 4.8126e-15 1.4691e-15 3.567e-16
0.00016204 0.00017192 1.1351e-05 1.1302e-05 2.4821e-06 1.2233e-07 1.5087e-07 3.9775e-06 6.1281e-07 8.1572e-07 1.0722e-06 1.8465e-06 0.023072 0.051488 0.059681 3.1054 0.10685 4.4722 0.96962 0.00073245 0.014135 0.021225 0.02689 1.9977 0.82422 0.0018822 5.6678e-05 2.0598e-06 3.9515e-08 2.2851e-07 2.208e-07 9.1012e-09 3.3757e-12 1.4717e-12 6.1033e-13 2.4954e-13 1.0838e-13 5.3723e-14 3.0889e-14 1.2378e-14 3.7783e-15 9.1734e-16
0.00016547 0.00017451 0.000176 0.00017629 0.00016547 0.00018003 0.0001762 0.0001745 1.1694e-05 2.9662e-06 9.2274e-07 1.5822e-06 0.019213 0.079667 0.057123 0.36062 0.18448 3.1104 0.47133 6.2754 0.15142 0.0024971 0.0061501 2.123 1.5385 0.0031073 0.00012779 4.942e-06 1.0275e-07 2.7883e-07 5.0212e-07 2.3395e-08 2.0164e-10 3.7851e-12 1.5698e-12 6.418e-13 2.7875e-13 1.3817e-13 7.9444e-14 3.1834e-14 9.7179e-15 2.3594e-15
0.00016897 0.00017312 0.00017248 0.00017344 0.00017458 0.00017664 0.00017831 0.00017708 0.00018285 0.00018277 0.00018187 0.00018305 0.69081 1.2448 2.8823 1.5659 5.2679 3.9556 0.40148 3.3924 0.37785 0.014477 0.0072766 0.0061523 1.6785 0.0066287 0.00027535 1.0966e-05 3.9301e-07 3.2368e-07 1.0153e-06 6.0109e-08 5.1876e-10 9.7338e-12 4.0374e-12 1.6507e-12 7.1696e-13 3.5537e-13 2.0433e-13 8.1875e-14 2.4994e-14 6.0694e-15
0.00016773 0.00017123 0.0001709 0.00017138 0.00017229 0.00017347 0.00017517 0.00017586 0.0001786 0.00018159 0.00018093 0.00018445 1.2238 2.773 6.9323 9.4364 0.6476 2.5904 5.0458 6.2054 2.2232 0.015469 0.022399 1.1684 0.0025474 0.016747 0.00054485 2.3169e-05 1.1126e-06 3.616e-07 1.7683e-06 1.5412e-07 8.6491e-09 2.5037e-11 1.0382e-11 4.2455e-12 1.844e-12 9.1402e-13 5.2552e-13 2.1057e-13 6.4282e-14 1.5607e-14
0.00016705 0.00016873 0.00017044 0.00017055 0.000171 0.00017219 0.00017321 0.00017356 0.00017596 0.00018001 0.00018084 0.00018169 1.4296 3.5609 5.4264 7.4009 9.8907 2.0552 3.2857 6.6094 3.6129 0.036359 0.022325 0.62799 3.3047 0.00072264 0.00097888 4.8508e-05 2.8167e-06 4.2231e-07 2.7118e-06 3.9349e-07 2.2245e-08 6.4419e-11 2.6705e-11 1.0918e-11 4.7424e-12 2.3509e-12 1.3516e-12 5.4161e-13 1.6533e-13 4.0146e-14
0.00016746 0.00016844 0.00017008 0.00017057 0.00017071 0.00017155 0.00017244 0.00017642 0.00017509 0.000178 0.00018097 0.00018001 1.8151 2.8227 5.4675 6.991 9.5489 2.7441 3.3768 7.5355 2.4749 0.19731 0.02647 0.36441 3.4479 0.10281 0.00054176 0.00010396 7.2363e-06 6.8714e-07 3.8888e-06 9.9348e-07 5.7197e-08 7.2462e-10 6.871e-11 2.8082e-11 1.2199e-11 6.046e-12 3.4764e-12 1.3929e-12 4.252e-13 1.0325e-13
0.0001688 0.00016903 0.00017257 0.00017153 0.00017151 0.00017198 0.00017265 0.0001774 0.00017481 0.00017683 0.00018023 0.00018052 1.7653 2.3683 4.166 7.2691 8.8216 3.8561 3.1239 7.2541 3.3365 0.29378 0.02835 0.23178 3.342 0.29142 0.0022057 0.00022229 1.7596e-05 1.3224e-06 5.596e-06 2.4425e-06 1.4693e-07 1.1138e-08 1.7665e-10 7.2251e-11 3.1368e-11 1.5552e-11 8.9408e-12 3.5826e-12 1.0936e-12 2.6554e-13
0.00017397 0.00017223 0.0001753 0.00017356 0.00017285 0.000173 0.00017347 0.0001779 0.00017776 0.00017761 0.00018006 0.00018294 1.5344 2.5014 3.0448 5.3382 8.2326 5.3154 3.3895 6.4512 3.2841 0.46196 0.045225 0.21855 3.1558 0.67192 0.0035109 0.00035145 4.1695e-05 2.9345e-06 8.3496e-06 5.6617e-06 3.7695e-07 2.865e-08 4.5428e-10 1.8576e-10 8.0706e-11 3.999e-11 2.2998e-11 9.2144e-12 2.8126e-12 6.8295e-13
0.00020203 0.00020203 0.00018721 0.00018105 0.00017609 0.00017491 0.00017507 0.00017865 0.00018073 0.00017976 0.00018077 0.00018676 1.5118 3.3358 3.5583 3.6845 7.9342 7.8785 3.8188 6.0583 3.9042 0.743 0.077909 0.15567 3.0692 1.2856 0.0072203 0.00081411 9.0281e-05 6.965e-06 1.1444e-05 1.1925e-05 9.6207e-07 7.3594e-08 1.9551e-09 4.7771e-10 2.075e-10 1.0289e-10 5.9136e-11 2.3699e-11 7.2338e-12 1.7581e-12
0.00030102 0.00030102 0.00026238 0.00023061 0.00019805 0.00018181 0.00017936 0.00018044 0.00018532 0.00018373 0.00018337 0.00019111 1.2046 4.7645 4.7161 5.0583 6.134 10.095 3.972 5.9904 5.3805 1.2082 0.13857 0.11673 2.7721 1.8938 0.020065 0.0013778 0.00018652 1.7399e-05 1.4022e-05 2.1973e-05 2.4452e-06 1.8842e-07 1.9326e-08 1.2249e-09 5.3363e-10 2.6454e-10 1.5214e-10 6.0943e-11 1.8605e-11 4.5184e-12
0.00044719 0.00041467 0.00044719 0.00042052 0.00035475 0.00025742 0.00021483 0.00018995 0.00019086 0.0001904 0.00018895 0.00019517 0.99597 6.1703 6.2681 6.3205 6.1878 11.183 4.4281 6.2998 6.946 2.2821 0.25023 0.10104 2.2743 2.3238 0.059915 0.002215 0.00036766 4.2524e-05 1.7645e-05 3.4867e-05 6.1732e-06 4.8287e-07 4.9541e-08 3.6568e-09 1.3681e-09 6.8032e-10 3.912e-10 1.5675e-10 4.7852e-11 1.1618e-11
0.00059267 0.00056695 0.00052849 0.00050736 0.00059267 0.00052069 0.00042503 0.00022547 0.00021299 0.00020042 0.00020004 0.00020239 1.1854 5.8653 8.9136 8.6722 8.0968 11.736 5.3166 7.2249 7.7527 3.8094 0.42579 0.11385 1.4105 2.6148 0.16316 0.0034579 0.00068513 0.00010009 2.4051e-05 5.257e-05 1.5052e-05 1.2425e-06 1.2705e-07 1.9541e-08 3.5144e-09 1.7439e-09 1.0061e-09 4.0333e-10 1.2308e-10 2.9882e-11
0.00071131 0.00068575 0.00067152 0.00065142 0.00071131 0.00081115 0.00074736 0.00036717 0.00023967 0.00022812 0.00022279 0.00023204 2.1894 4.4212 8.9099 10.899 10.249 10.366 7.6427 8.628 8.0928 4.391 0.74186 0.1648 0.77349 2.7883 0.40474 0.0057183 0.0012385 0.00021951 3.8534e-05 8.0197e-05 3.4488e-05 3.1971e-06 3.2806e-07 5.0107e-08 9.4379e-09 4.4875e-09 2.5837e-09 1.037e-09 3.1652e-10 7.6855e-11
0.00069156 0.00068281 0.00088096 0.0012467 0.0011997 0.0011373 0.0010635 0.00066935 0.00037758 0.00030209 0.00026918 0.00027908 4.4155 5.4832 0.00069156 10.712 11.936 10.993 11.001 10.075 7.9715 5.1732 1.3806 0.28001 0.50523 3.0331 0.84066 0.012224 0.0021228 0.0004487 7.37e-05 0.00012108 7.1322e-05 8.1291e-06 8.496e-07 1.2944e-07 3.3088e-08 1.1418e-08 6.6066e-09 2.683e-09 8.1417e-10 1.9767e-10
0.00056381 0.0012858 0.0013215 0.001306 0.0012826 0.0012248 0.0011812 0.00093622 0.00059987 0.00052498 0.00048977 0.00032384 5.6781 9.3993 9.6294 10.892 13.037 11.212 14.82 11.862 8.6519 6.7988 2.7046 0.51474 0.45201 3.157 1.3591 0.035067 0.0034792 0.00085536 0.0001557 0.00017279 0.00013015 2.0347e-05 2.1835e-06 3.3544e-07 8.4875e-08 3.3616e-08 1.6811e-08 6.8921e-09 2.0952e-09 5.084e-10
0.00045965 0.00054731 0.00061641 0.00063342 0.00065533 0.00066435 0.0012962 0.00045965 0.0013574 0.0010365 0.0008389 0.00046998 8.6619 12.756 12.959 13.264 14.529 13.804 17.865 14.369 10.223 8.6492 4.9085 1.0092 0.54134 3.0293 1.8322 0.10213 0.0057351 0.0015543 0.00033565 0.00023704 0.00021607 4.9113e-05 5.5975e-06 8.6288e-07 2.1873e-07 8.6154e-08 4.5494e-08 1.7651e-08 5.3904e-09 1.3076e-09
0.00024633 0.00084162 0.0009932 0.0010277 0.0011967 0.0012305 0.0012458 0.001207 0.001001 0.0008696 0.00076136 0.00024633 14.216 16.746 17.169 17.396 18.1 18.135 20.222 17.398 12.193 9.4232 5.9975 2.1391 0.90623 2.775 2.3033 0.27065 0.010641 0.0027819 0.00069446 0.00034188 0.00034855 0.00011096 1.4278e-05 2.2223e-06 5.6263e-07 2.2111e-07 1.1652e-07 4.4895e-08 1.3865e-08 3.3628e-09
0.00028014 0.00029352 0.00030752 0.00031216 0.00031669 0.0016122 0.0017606 0.0020435 0.0019361 0.0019781 0.0017661 0.0012444 19.761 20.8 21.158 21.264 21.544 21.441 20.974 20.73 14.723 9.853 7.3008 4.4278 2.9106 2.4491 2.8505 0.61855 0.025677 0.0051002 0.0013778 0.00054842 0.00058338 0.00022877 3.5922e-05 5.7262e-06 1.4497e-06 5.6831e-07 2.9886e-07 1.1472e-07 3.564e-08 8.6502e-09
0.00033082 0.00034896 0.00036829 0.00037476 0.00038107 0.00038799 0.00039308 0.0004523 0.00047738 0.00048823 0.00052887 0.0016754 23.089 23.367 23.632 23.689 23.735 23.821 22.49 24.45 19.071 13.401 12.63 9.0252 7.2736 4.1662 3.4831 1.1739 0.074109 0.010168 0.0027276 0.00097704 0.00097039 0.00043378 8.7767e-05 1.4742e-05 3.7419e-06 1.4631e-06 7.6764e-07 2.9352e-07 9.1383e-08 2.2262e-08
0.00041166 0.00043607 0.00046206 0.000471 0.00047966 0.00048917 0.00049518 0.00052007 0.00068101 0.00071899 0.00074751 0.00079678 28.244 28.501 28.911 29.165 29.425 30.382 29.965 32.761 29.908 24.575 19.575 17.948 13.644 8.1525 4.514 1.8228 0.2167 0.023543 0.0057282 0.0018909 0.0016063 0.00079139 0.00020482 3.7733e-05 9.675e-06 3.7726e-06 1.9744e-06 7.5214e-07 2.3257e-07 5.7244e-08
0.0005479 0.00057844 0.00061223 0.00062378 0.00063561 0.00064857 0.00065669 0.00068874 0.00071948 0.00073425 0.00074609 0.00077572 40.437 40.587 40.863 41.132 41.444 42.188 41.764 42.943 41.883 36.644 30.827 27.435 21.56 13.361 6.2243 2.7463 0.54531 0.063276 0.01337 0.0039599 0.0027749 0.0014955 0.0004503 9.5944e-05 2.4975e-05 9.7461e-06 5.085e-06 1.9296e-06 5.9259e-07 1.4722e-07
0.00077796 0.0008136 0.00085487 0.00086986 0.00088483 0.00090146 0.00091212 0.00095332 0.00099401 0.0010144 0.0010311 0.0010749 52.387 52.41 52.446 52.556 52.732 53.146 52.43 51.514 51.384 46.281 40.217 35.871 28.712 19.267 9.29 4.0376 1.175 0.17403 0.034284 0.009053 0.005136 0.0030137 0.00095726 0.00023806 6.4911e-05 2.5132e-05 1.3114e-05 4.9558e-06 1.514e-06 3.7811e-07
0.0012278 0.0012546 0.0012935 0.0013088 0.001325 0.0013435 0.0013555 0.0014041 0.0014521 0.0014781 0.0014998 0.0015555 62.137 61.912 61.695 61.589 61.523 61.252 60.123 57.831 57.052 52.504 46.684 39.783 33.964 24.625 13.572 5.8225 2.11 0.45023 0.090708 0.022355 0.010072 0.0062478 0.0020674 0.00057451 0.00016739 6.5404e-05 3.3724e-05 1.2737e-05 3.8753e-06 9.6969e-07
0.0022663 0.0022397 0.0022405 0.0022472 0.0022557 0.0022673 0.0022756 0.0023158 0.0023631 0.0023906 0.0024147 0.0024788 70.198 69.713 69.283 68.999 68.65 67.772 66.238 63.316 60.718 56.377 51.105 44.499 38.231 29.133 18.081 8.3734 3.3783 1.0006 0.22965 0.056433 0.020953 0.013041 0.004682 0.0013673 0.00042648 0.00016925 8.7406e-05 3.2745e-05 9.9323e-06 2.4638e-06
0.005084 0.0049089 0.0044869 0.0044543 0.0044286 0.004406 0.0043955 0.0043797 0.0043956 0.0044106 0.0044252 0.0044726 74.097 73.374 72.938 72.611 72.168 70.861 69.39 66.952 63.79 59.481 54.391 48.215 42.101 32.932 22.175 11.648 5.0535 1.8503 0.52215 0.13609 0.045195 0.026517 0.010941 0.0032601 0.0010701 0.00043471 0.00022511 8.3831e-05 2.5476e-05 6.2809e-06
0.01105 0.010653 0.010297 0.010191 0.010087 0.0099851 0.0099311 0.0097349 0.0096051 0.0095546 0.0095178 0.0089631 74.076 75.094 74.623 74.511 74.155 73.066 71.347 69.538 66.45 61.743 57.559 52.155 45.37 36.921 26.248 15.281 7.2206 2.9948 1.024 0.29876 0.096386 0.050923 0.024594 0.0077566 0.0026214 0.0010965 0.00057285 0.00021533 6.5333e-05 1.605e-05
0.023283 0.022707 0.022175 0.021982 0.021811 0.021609 0.021497 0.021079 0.020745 0.020593 0.020467 0.020157 85.728 84.861 84.567 84.27 83.72 79.12 77.279 75.569 73.712 69.004 63.441 55.809 49.26 40.835 30.275 19.046 9.9193 4.4447 1.7302 0.57942 0.19587 0.094477 0.051388 0.018115 0.0062567 0.0026893 0.0014313 0.0005461 0.00016706 4.1071e-05
0.064307 0.064204 0.063176 0.062697 0.062688 0.062268 0.06209 0.061594 0.061046 0.060794 0.060614 0.060129 68.097 69.011 69.352 69.913 70.38 72.199 73.649 74.439 74.126 72.346 69.409 62.966 56.064 46.434 35.626 23.255 13.048 6.2622 2.6315 0.99034 0.36733 0.17145 0.097734 0.04019 0.014486 0.0063488 0.0034572 0.0013589 0.00042601 0.00010513
0.080678 0.080105 0.06642 0.066444 0.066133 0.065634 0.079028 0.078174 0.077614 0.07751 0.077208 0.076634 81.627 81.658 81.534 81.542 81.73 82.399 83.523 84.401 84.36 83.08 80.171 74.679 66.14 56.709 44.272 30.386 17.438 8.6958 3.8151 1.5567 0.63779 0.30323 0.17179 0.081693 0.03201 0.014404 0.0080232 0.003298 0.0010729 0.00026875
0.092299 0.091952 0.093666 0.091813 0.090803 0.090687 0.090657 0.090046 0.089886 0.089374 0.08908 0.088484 111.13 111.64 111.87 112.56 112.01 112.53 112.9 112.4 111.01 108.43 104.19 97.662 88.228 75.393 59.154 41.491 24.882 12.615 5.6163 2.3846 1.0578 0.52194 0.29007 0.14989 0.066209 0.031312 0.017922 0.0077617 0.0026533 0.00068365
0.10328 0.10281 0.10184 0.1016 0.1014 0.10118 0.10365 0.10055 0.10044 0.10004 0.10008 0.099263 180.36 179.15 178.89 178.54 178.41 177.77 176.82 176.03 173.01 169.12 162.88 152.99 138.38 117.91 91.856 63.332 37.778 19.38 8.7683 3.8178 1.7481 0.86977 0.46999 0.25084 0.12495 0.064442 0.038504 0.0177 0.006413 0.0017194
0.11922 0.11865 0.11798 0.11771 0.11749 0.11727 0.11712 0.11664 0.11595 0.11567 0.11543 0.11481 328.79 327.58 327.67 326.96 325.39 322.78 319.99 314.59 308.49 300.29 288.81 271.92 246.77 210.69 163.54 111.21 64.889 32.721 14.806 6.4823 2.9635 1.4438 0.7389 0.39295 0.21512 0.12397 0.079178 0.039187 0.015104 0.0042679
0.15083 0.15005 0.14922 0.14892 0.1485 0.14824 0.14808 0.14733 0.14667 0.14633 0.14604 0.14486 516.72 515.18 514.51 513.96 513.16 510.55 507.15 502.67 496.64 488.06 475.03 453.83 419.02 364.62 288.46 199.08 116.83 58.888 26.63 11.572 5.1462 2.3854 1.1551 0.60386 0.35092 0.22464 0.15632 0.084711 0.034804 0.01037
0.21735 0.216 0.21447 0.21402 0.21349 0.21291 0.2126 0.21128 0.21017 0.20959 0.20911 0.20784 543.39 541.77 541.06 540.49 539.64 536.88 533.26 528.5 522.11 513.26 500.71 482.29 454.76 413.83 354.94 275.88 183.93 101.8 48.253 21.063 9.1216 4.0638 1.8951 0.97735 0.58648 0.40257 0.30193 0.18013 0.078521 0.024631
