0.33983 0.33994 0.34005 0.34009 0.34121 0.34114 0.34125 0.34142 0.33983 0.34164 0.34171 0.33983 0.33983 0.33983 0.33983 0.33983 0.33983 0.33983 0.33983 0.34634 0.34655 0.3465 0.34644 0.34628 0.34619 0.34605 0.34593 0.34583 0.34579 0.34579 0.34583 0.34591 0.34605 0.34624 0.34651 0.34688 0.34739 0.34808 0.34903 0.35285 0.37018 0.45225
0.22 0.33941 0.33994 0.33997 0.34071 0.34111 0.34114 0.34113 0.34135 0.34141 0.34147 0.34162 0.34189 0.22 0.34242 0.34255 0.22 0.22 0.22 0.3456 0.34632 0.34653 0.34646 0.34639 0.34619 0.34607 0.34593 0.34584 0.34579 0.34579 0.34583 0.34591 0.34605 0.34624 0.34651 0.34688 0.34739 0.34808 0.34902 0.35286 0.37017 0.45217
0.21672 0.23965 0.31604 0.3174 0.33931 0.33945 0.33969 0.34109 0.34119 0.34112 0.34121 0.3414 0.34161 0.34187 0.21672 0.34209 0.34223 0.21672 0.21672 0.34423 0.34548 0.34628 0.34649 0.34641 0.3463 0.34607 0.34595 0.34584 0.34579 0.34579 0.34583 0.34591 0.34605 0.34624 0.34651 0.34688 0.34739 0.34808 0.34902 0.35284 0.37009 0.45219
0.21335 0.23653 0.25815 0.26487 0.27192 0.32056 0.32143 0.32459 0.33896 0.33889 0.33999 0.34153 0.34139 0.34159 0.34168 0.34175 0.34185 0.3422 0.21335 0.3433 0.34415 0.34537 0.34623 0.34643 0.34632 0.34619 0.34606 0.34586 0.34579 0.34579 0.34583 0.34591 0.34605 0.34624 0.34651 0.34688 0.34739 0.34808 0.34902 0.35285 0.3701 0.45219
0.21003 0.23321 0.25504 0.26207 0.26923 0.27575 0.27965 0.29259 0.32653 0.32776 0.32873 0.33915 0.34011 0.34137 0.34144 0.34155 0.34157 0.34183 0.34217 0.21003 0.34324 0.34407 0.34524 0.34617 0.34632 0.34621 0.34607 0.34597 0.34582 0.34579 0.34583 0.34591 0.34605 0.34624 0.34651 0.34688 0.34739 0.34808 0.34902 0.35284 0.37011 0.45209
0.20655 0.2299 0.25204 0.25898 0.26625 0.27291 0.27688 0.29036 0.30007 0.30453 0.30781 0.33055 0.33933 0.34009 0.3401 0.3403 0.34094 0.34155 0.3418 0.34213 0.34258 0.34317 0.34398 0.34509 0.34607 0.34619 0.34609 0.34598 0.34592 0.34581 0.34583 0.34591 0.34605 0.34624 0.34651 0.34688 0.34739 0.34808 0.34902 0.35285 0.37012 0.45212
0.20282 0.22633 0.24884 0.25592 0.26333 0.27012 0.2742 0.28782 0.29783 0.30256 0.30604 0.31389 0.33295 0.34002 0.34003 0.34011 0.34022 0.34062 0.34133 0.34178 0.3421 0.34252 0.34309 0.34386 0.34492 0.34595 0.34605 0.346 0.34593 0.34592 0.34586 0.34592 0.34605 0.34624 0.34651 0.34688 0.34739 0.34808 0.34902 0.35285 0.37012 0.45211
0.19873 0.22255 0.24536 0.25255 0.19873 0.26711 0.27128 0.28536 0.29571 0.30036 0.30397 0.31237 0.32123 0.3349 0.33565 0.33617 0.33638 0.34036 0.34066 0.34124 0.34165 0.34205 0.34246 0.343 0.34372 0.34472 0.34582 0.34594 0.34596 0.34593 0.34596 0.34594 0.34605 0.34624 0.34651 0.34688 0.34739 0.34808 0.34902 0.35284 0.37012 0.45211
0.19472 0.21851 0.2416 0.24895 0.25663 0.26379 0.26812 0.28262 0.29339 0.29824 0.30202 0.31052 0.31976 0.32676 0.32876 0.33001 0.33645 0.33743 0.34047 0.34076 0.34112 0.34158 0.34199 0.34237 0.34287 0.34355 0.34452 0.34572 0.34588 0.34596 0.34598 0.34605 0.34608 0.34625 0.34651 0.34688 0.34739 0.34808 0.34902 0.35285 0.37012 0.45215
0.19027 0.21418 0.23757 0.24506 0.25286 0.2602 0.26463 0.27958 0.29079 0.29582 0.29979 0.30872 0.31848 0.32554 0.32783 0.32918 0.33081 0.33762 0.33824 0.34058 0.34085 0.34117 0.34154 0.34186 0.34226 0.34272 0.34338 0.34435 0.34566 0.34586 0.346 0.34606 0.34618 0.34627 0.34652 0.34688 0.34739 0.34808 0.34902 0.35284 0.37012 0.45212
0.18552 0.20952 0.23319 0.24082 0.24876 0.25628 0.26082 0.27625 0.28788 0.29315 0.29728 0.3067 0.31705 0.32455 0.3267 0.32811 0.32983 0.33374 0.33849 0.33878 0.34068 0.34092 0.34118 0.34149 0.34177 0.34211 0.34256 0.34323 0.34423 0.34565 0.34589 0.34609 0.3462 0.34638 0.34654 0.34688 0.34739 0.34808 0.34902 0.35284 0.37012 0.45214
0.18042 0.20449 0.22843 0.23619 0.24427 0.25197 0.25664 0.27257 0.28466 0.29017 0.2945 0.30441 0.31537 0.32337 0.32571 0.32723 0.32905 0.33292 0.33582 0.33914 0.33924 0.34074 0.34085 0.34117 0.3414 0.34164 0.34197 0.34243 0.34313 0.34416 0.34568 0.34596 0.34622 0.34639 0.34665 0.34691 0.34742 0.34808 0.34902 0.35284 0.37012 0.45213
0.17493 0.19903 0.22322 0.23112 0.23933 0.24722 0.25202 0.26847 0.28105 0.28682 0.29136 0.30181 0.31342 0.32204 0.32449 0.32616 0.32812 0.33241 0.33514 0.33727 0.33862 0.33955 0.34078 0.34085 0.34111 0.34129 0.34151 0.34183 0.34235 0.34308 0.34413 0.34575 0.34608 0.34642 0.34666 0.34702 0.34742 0.34811 0.34903 0.35284 0.37012 0.45213
0.16897 0.19308 0.2175 0.22553 0.23387 0.24194 0.24687 0.26387 0.27698 0.28302 0.28779 0.29883 0.3112 0.32042 0.32309 0.32487 0.32705 0.33162 0.33466 0.33669 0.3383 0.33922 0.34032 0.34079 0.34086 0.34102 0.34118 0.3414 0.34176 0.34231 0.34307 0.34414 0.34577 0.34626 0.34669 0.34703 0.34753 0.34811 0.34905 0.35285 0.37012 0.45213
0.16249 0.16249 0.21117 0.21932 0.22779 0.23605 0.24112 0.25868 0.27235 0.27869 0.28371 0.2954 0.30861 0.31855 0.32145 0.32337 0.32572 0.3307 0.33412 0.33631 0.33779 0.339 0.33966 0.34043 0.34075 0.34076 0.34091 0.34108 0.34134 0.34174 0.34231 0.34311 0.34421 0.34585 0.34651 0.34706 0.34755 0.34822 0.34905 0.35285 0.37012 0.45213
0.15542 0.15542 0.20415 0.21241 0.22098 0.22943 0.23462 0.25277 0.26704 0.2737 0.279 0.29141 0.30557 0.31633 0.31949 0.32159 0.32415 0.32963 0.33337 0.33588 0.33752 0.33853 0.33947 0.33994 0.34046 0.34066 0.34063 0.34083 0.34103 0.34132 0.34176 0.34236 0.34319 0.34433 0.34601 0.34686 0.34757 0.34824 0.34916 0.35285 0.37012 0.45213
0.14767 0.17144 0.14767 0.20466 0.21329 0.22193 0.22725 0.246 0.26089 0.26791 0.27351 0.28671 0.30195 0.31366 0.31712 0.31943 0.32225 0.32832 0.33247 0.33526 0.33712 0.33833 0.33904 0.33976 0.34016 0.34043 0.34057 0.34055 0.34079 0.34102 0.34135 0.34182 0.34246 0.34333 0.34454 0.34627 0.34736 0.34826 0.34918 0.35287 0.37012 0.45213
0.13921 0.16267 0.18751 0.19595 0.13921 0.21336 0.21882 0.23816 0.25371 0.2611 0.26702 0.28111 0.29759 0.31041 0.31422 0.31678 0.31991 0.32668 0.33135 0.3345 0.33658 0.33799 0.33887 0.33936 0.33992 0.3402 0.34037 0.34049 0.34049 0.34079 0.34105 0.34142 0.34192 0.34262 0.34355 0.34484 0.34668 0.34804 0.34921 0.35299 0.37012 0.45213
0.13008 0.15303 0.17771 0.18617 0.13008 0.20352 0.20909 0.22899 0.24522 0.253 0.25928 0.27435 0.29222 0.30635 0.31059 0.31345 0.31696 0.32459 0.3299 0.33351 0.3359 0.3375 0.33856 0.33922 0.33953 0.33999 0.34019 0.34032 0.34046 0.34049 0.34082 0.34112 0.34153 0.34209 0.34285 0.34387 0.34528 0.34727 0.34897 0.353 0.37013 0.45213
0.12039 0.1426 0.16685 0.17527 0.18316 0.19215 0.19779 0.21816 0.23504 0.24322 0.24987 0.266 0.28548 0.30117 0.12039 0.30916 0.31314 0.32186 0.32799 0.33218 0.33499 0.33687 0.33811 0.33893 0.3394 0.3396 0.33999 0.34017 0.3403 0.34044 0.34083 0.3409 0.34124 0.34171 0.34233 0.34318 0.34433 0.3459 0.34811 0.35303 0.37015 0.45213
0.10994 0.13156 0.15506 0.16332 0.17002 0.17895 0.18459 0.20524 0.22265 0.2312 0.23822 0.25546 0.27675 0.29431 0.29972 0.3034 0.30798 0.31811 0.32532 0.33031 0.33371 0.33597 0.33749 0.33847 0.33909 0.33946 0.33961 0.33995 0.34008 0.34031 0.33995 0.34072 0.34102 0.34142 0.34195 0.34267 0.34365 0.34497 0.34678 0.35284 0.37026 0.45213
0.1004 0.12022 0.14258 0.15054 0.15485 0.16356 0.1691 0.1004 0.20737 0.2162 0.22353 0.24182 0.26506 0.28484 0.29106 0.29532 0.30066 0.31266 0.32138 0.32751 0.33173 0.33459 0.33653 0.33782 0.33864 0.33914 0.33946 0.33959 0.33967 0.3401 0.34035 0.34007 0.34085 0.3412 0.34168 0.3423 0.34315 0.3443 0.34586 0.35229 0.37027 0.45213
0.090716 0.1089 0.12973 0.13724 0.13725 0.1455 0.15079 0.17072 0.18831 0.19725 0.20474 0.090716 0.24895 0.27122 0.27841 0.28341 0.28974 0.30426 0.31512 0.32296 0.32847 0.33228 0.33492 0.33671 0.3379 0.33865 0.3391 0.33938 0.33957 0.3397 0.34015 0.34043 0.34032 0.34103 0.34146 0.34202 0.34278 0.34381 0.3452 0.3508 0.3703 0.45214
0.081492 0.097817 0.11678 0.12368 0.11685 0.12438 0.12924 0.14784 0.16468 0.1734 0.1808 0.2001 0.22657 0.25127 0.25955 0.26539 0.27291 0.29072 0.30464 0.31508 0.32269 0.32814 0.33198 0.33468 0.33653 0.33775 0.33851 0.339 0.33935 0.33956 0.33973 0.34021 0.34054 0.34064 0.34127 0.3418 0.34251 0.34344 0.34471 0.34981 0.37026 0.45217
0.072676 0.086968 0.10377 0.10994 0.09415 0.10065 0.10487 0.12133 0.1366 0.14467 0.15161 0.17012 0.19669 0.22298 0.23217 0.2388 0.2475 0.26903 0.28692 0.30113 0.31205 0.32025 0.32629 0.33071 0.33385 0.33599 0.33737 0.33825 0.33883 0.33925 0.33952 0.33975 0.3403 0.34069 0.34062 0.34161 0.34228 0.34316 0.34434 0.34909 0.37 0.45231
0.064284 0.076309 0.090653 0.095981 0.072069 0.077243 0.080643 0.094107 0.10695 0.11386 0.11989 0.13634 0.161 0.18689 0.19636 0.20333 0.21271 0.2371 0.25896 0.27766 0.2931 0.30551 0.31527 0.32278 0.3284 0.33239 0.33503 0.33671 0.33779 0.33855 0.33906 0.33944 0.33976 0.34039 0.34088 0.34092 0.34206 0.34292 0.34405 0.34856 0.36863 0.45232
0.058057 0.067085 0.07834 0.082561 0.056815 0.060405 0.062804 0.072577 0.082243 0.087575 0.092288 0.10546 0.12608 0.14893 0.15764 0.16418 0.17318 0.19772 0.22143 0.24344 0.2632 0.2805 0.29531 0.30763 0.31754 0.32499 0.33012 0.33344 0.33557 0.33697 0.33798 0.33866 0.33922 0.33969 0.34046 0.34109 0.34121 0.34265 0.34377 0.34814 0.36738 0.45235
0.062587 0.066107 0.072232 0.074862 0.056199 0.057844 0.059029 0.064379 0.070255 0.073679 0.076798 0.085872 0.10094 0.11869 0.12573 0.13111 0.13865 0.16009 0.18215 0.20405 0.22525 0.24549 0.26459 0.28221 0.29788 0.31073 0.32021 0.32661 0.3308 0.33359 0.33551 0.33692 0.33793 0.33885 0.33948 0.34045 0.34131 0.34169 0.34342 0.34776 0.36647 0.45221
0.093024 0.088951 0.086728 0.086548 0.078499 0.077602 0.077189 0.076774 0.07782 0.07885 0.079977 0.084007 0.092288 0.10358 0.10838 0.11216 0.11759 0.13381 0.15158 0.17018 0.18913 0.20831 0.2279 0.24804 0.26817 0.28687 0.30216 0.31334 0.32107 0.32642 0.33019 0.33293 0.33501 0.3366 0.33794 0.33895 0.34028 0.34148 0.34223 0.34729 0.36575 0.4519
0.14582 0.13827 0.13111 0.12877 0.12626 0.12348 0.12177 0.11583 0.11145 0.10961 0.10829 0.10592 0.10541 0.10833 0.11024 0.11194 0.11462 0.12393 0.1357 0.14922 0.16385 0.17926 0.19562 0.21359 0.23357 0.25484 0.2747 0.29098 0.30334 0.31252 0.31937 0.32454 0.32852 0.33161 0.33411 0.33609 0.33783 0.33972 0.34141 0.34649 0.36506 0.44987
0.22256 0.2052 0.19204 0.18833 0.186 0.18259 0.18053 0.17323 0.16696 0.16375 0.16103 0.15407 0.14517 0.13839 0.13665 0.13565 0.13471 0.13462 0.13799 0.14437 0.15303 0.16333 0.17494 0.18817 0.20375 0.22228 0.24202 0.26052 0.27638 0.28943 0.30005 0.30866 0.31565 0.32132 0.32594 0.32975 0.33289 0.33564 0.33841 0.34433 0.36415 0.44824
0.35098 0.31241 0.28138 0.2726 0.26579 0.25814 0.25369 0.23968 0.22995 0.22562 0.22222 0.21405 0.20308 0.19179 0.18765 0.18462 0.1806 0.17079 0.16372 0.16011 0.15997 0.1629 0.16825 0.17558 0.18538 0.19798 0.21294 0.22883 0.2443 0.25867 0.27171 0.28337 0.29365 0.30261 0.31032 0.31691 0.32257 0.32737 0.33162 0.34105 0.36249 0.44669
0.55554 0.48545 0.42664 0.40935 0.39499 0.37916 0.36983 0.33944 0.31762 0.30798 0.30055 0.28381 0.26561 0.25132 0.24668 0.24333 0.23874 0.22608 0.2131 0.20058 0.19017 0.18286 0.17908 0.1786 0.18121 0.18676 0.19494 0.20499 0.21613 0.22783 0.23979 0.25175 0.26346 0.27469 0.28522 0.2949 0.30366 0.31153 0.31854 0.33293 0.35886 0.44461
0.86111 0.74655 0.64883 0.61966 0.59493 0.56769 0.5515 0.49762 0.45752 0.43925 0.42486 0.39142 0.35313 0.3234 0.31447 0.30844 0.30095 0.28379 0.26951 0.25555 0.24096 0.22624 0.21285 0.20222 0.19518 0.19185 0.19199 0.19485 0.19977 0.20624 0.21396 0.22276 0.23245 0.24284 0.25367 0.26467 0.27555 0.28607 0.29608 0.31717 0.35142 0.44084
1.2998 1.1232 0.97144 0.92594 0.88707 0.84427 0.81885 0.73317 0.66845 0.63858 0.61483 0.55868 0.49185 0.43676 0.41941 0.40744 0.39229 0.35743 0.33088 0.31082 0.29466 0.27959 0.26383 0.24738 0.23154 0.21812 0.20821 0.20201 0.19919 0.19903 0.20105 0.20484 0.21014 0.2168 0.22471 0.23372 0.24369 0.25435 0.26548 0.29199 0.33661 0.43313
1.9154 1.6529 1.427 1.359 1.3008 1.2366 1.1983 1.0693 0.9714 0.92596 0.88971 0.80339 0.69902 0.61068 0.58217 0.56221 0.53656 0.47518 0.42532 0.38588 0.35564 0.33286 0.31487 0.29874 0.28208 0.26431 0.24658 0.23078 0.21821 0.2093 0.20388 0.20136 0.20123 0.20304 0.2065 0.21144 0.21781 0.22553 0.23455 0.26005 0.31181 0.41777
2.7691 2.3881 2.0599 1.9611 1.8763 1.783 1.7271 1.5391 1.3959 1.3294 1.2762 1.1492 0.99472 0.86256 0.81947 0.78914 0.74991 0.6544 0.57408 0.50733 0.45283 0.40942 0.37588 0.35058 0.33088 0.31375 0.29639 0.27773 0.25859 0.24084 0.22602 0.2149 0.20744 0.20313 0.20138 0.20169 0.20374 0.20733 0.21242 0.23034 0.27881 0.39069
3.9458 3.4019 2.9333 2.7922 2.671 2.5376 2.4577 2.1887 1.9838 1.8884 1.8122 1.6299 1.4076 1.2165 1.154 1.1099 1.0527 0.91241 0.79274 0.69115 0.60554 0.5342 0.4757 0.42882 0.39236 0.36475 0.3435 0.32561 0.30773 0.2885 0.26833 0.24911 0.23247 0.21961 0.21054 0.20481 0.20189 0.20112 0.20216 0.21086 0.2463 0.35247
5.5629 4.7956 4.1343 3.935 3.764 3.5756 3.4629 3.083 2.7934 2.6586 2.5508 2.293 1.9782 1.7073 1.6184 1.5557 1.4742 1.2739 1.102 0.95481 0.82913 0.72232 0.63216 0.55683 0.49483 0.4449 0.40589 0.37627 0.3537 0.33506 0.3169 0.29732 0.27646 0.25605 0.23809 0.22386 0.21356 0.20683 0.20302 0.20266 0.22363 0.31133
7.7827 6.7087 5.7831 5.5042 5.2647 5.001 4.8432 4.3113 3.9057 3.717 3.566 3.2048 2.7636 2.3835 2.2587 2.1706 2.0562 1.7744 1.532 1.3236 1.1448 0.99151 0.86057 0.74917 0.65499 0.57613 0.51109 0.45858 0.41741 0.38602 0.36224 0.3429 0.32453 0.30479 0.28352 0.26229 0.24334 0.22806 0.21684 0.20439 0.21238 0.27947
