0.001431 0.0011676 0.00094627 0.00087669 0.00081245 0.00074514 0.00078123 0.00056879 0.001431 0.00042629 0.00039175 0.001431 0.001431 0.001431 0.001431 0.001431 0.001431 0.001431 0.001431 4.0016e-05 8.1634e-05 0.0015945 1.3341e-05 9.1902e-06 6.3172e-06 4.3281e-06 2.9569e-06 2.0138e-06 1.3674e-06 9.2576e-07 6.2504e-07 4.209e-07 2.8274e-07 1.8951e-07 1.2675e-07 8.4609e-08 5.6376e-08 3.7505e-08 2.4913e-08 9.5413e-09 2.0585e-09 3.7634e-10
0.012501 0.0034628 0.0024146 0.0022362 0.0020659 0.0019076 0.0018059 0.001472 0.0012081 0.0010942 0.0010054 0.0008029 0.00057967 0.012501 9.1323 0.00033496 0.012501 0.012501 0.012501 0.00010224 7.1447e-05 0.072704 3.431e-05 2.3651e-05 1.6246e-05 1.1134e-05 7.6047e-06 5.1794e-06 3.5168e-06 2.381e-06 1.6075e-06 1.0825e-06 7.2719e-07 4.874e-07 3.2598e-07 2.176e-07 1.45e-07 9.6461e-08 6.4069e-08 2.454e-08 5.2939e-09 9.6752e-10
0.1092 0.1092 0.1092 0.022393 0.0072973 0.0063612 0.0058971 0.0037493 0.0031016 0.0028055 0.002579 0.0020608 0.0014873 0.0010612 0.1092 0.00091566 0.00075538 0.1092 0.1092 0.00026007 0.00018247 0.12722 8.822e-05 6.0694e-05 4.1808e-05 2.8632e-05 1.9562e-05 1.3321e-05 9.0452e-06 6.1238e-06 4.1345e-06 2.7842e-06 1.8703e-06 1.2535e-06 8.384e-07 5.5967e-07 3.7292e-07 2.4808e-07 1.6479e-07 6.3105e-08 1.3608e-08 2.4892e-09
0.52375 0.07372 0.043088 0.029519 0.020475 0.016576 0.013526 0.0084861 0.0076388 0.0069077 0.0064754 0.0053013 0.0038163 0.0027205 0.0024002 0.002186 0.059322 0.0013529 0.52375 0.00066385 0.00046424 0.017713 0.00022638 0.00015658 0.00010726 7.3463e-05 5.0347e-05 3.4266e-05 2.3263e-05 1.575e-05 1.0634e-05 7.1607e-06 4.8102e-06 3.224e-06 2.1563e-06 1.4394e-06 9.5911e-07 6.3805e-07 4.2381e-07 1.6231e-07 3.5001e-08 6.4027e-09
0.96803 0.12715 0.063687 0.065415 0.087757 0.099642 0.078392 0.12824 0.11699 0.084088 0.059622 0.012914 0.0094887 0.0069792 0.0061569 0.0056112 0.0049332 4.3696 1.0782 0.96803 0.0011853 0.0055017 0.00057695 0.00040104 0.96803 0.00018938 0.00013137 8.8038e-05 5.984e-05 4.0507e-05 2.735e-05 1.8417e-05 1.2372e-05 8.2919e-06 5.5458e-06 3.702e-06 2.4668e-06 1.641e-06 1.09e-06 4.1744e-07 9.0022e-08 1.6463e-08
0.16741 0.2404 0.099039 0.10158 0.14862 0.16104 0.10137 0.065888 0.12317 0.10859 0.084868 0.029797 0.024 0.017191 0.015177 0.013881 0.012397 0.0088902 0.0062246 0.0043475 0.0030312 1.1035 0.0014689 0.0010221 0.00070901 0.00048579 0.0003332 0.00022584 0.00015169 0.00010449 8.0965e-05 4.7368e-05 3.182e-05 2.1326e-05 1.4264e-05 9.5213e-06 6.3444e-06 4.2205e-06 2.8034e-06 1.0736e-06 2.3155e-07 4.2362e-08
0.27791 0.21912 0.18037 0.2032 0.31322 0.43551 0.41496 0.32444 0.22703 0.16667 0.14291 0.06636 0.056766 0.044012 0.038862 0.035459 0.031275 0.022143 0.015762 0.011136 0.0077595 8.2546 0.0037498 0.0026019 0.0018052 0.001249 0.00085533 0.0005827 0.00039361 0.00026346 0.00017239 0.00012286 7.3716e-05 5.4851e-05 3.6685e-05 2.4488e-05 1.6317e-05 1.0855e-05 7.21e-06 2.7614e-06 5.955e-07 1.0897e-07
0.69732 0.55624 0.33028 0.33832 0.69732 0.73236 0.951 0.60325 0.5287 0.398 0.33358 0.18197 0.13137 0.10758 0.094993 0.086681 0.082027 0.056548 0.03976 0.028115 0.019737 0.01381 0.0095848 0.0066417 0.0045966 0.0031789 0.0021938 0.0014976 0.0010184 0.00068995 0.00046491 0.00029664 0.000201 0.00010195 0.00014327 6.2981e-05 4.1967e-05 2.7918e-05 1.8544e-05 7.1018e-06 1.5316e-06 2.803e-07
1.7497 1.5748 0.85173 0.83014 0.93644 1.3393 1.779 1.4591 0.98855 0.86249 0.75248 0.49092 0.346 0.26042 0.23486 0.23844 0.19854 0.13942 0.10129 0.071216 0.049965 0.035041 0.024491 0.016966 0.011726 0.0080917 0.005578 0.0038412 0.0026147 0.0017727 0.0011953 0.0008056 0.00053537 0.00037263 0.00025252 0.00020096 0.00028137 7.1802e-05 4.7693e-05 1.8265e-05 3.9393e-06 7.2107e-07
4.6297 4.0871 2.4349 2.1332 2.2062 2.4864 3.6236 3.6886 2.3405 2.0307 1.8072 1.4547 0.93152 0.68214 0.61072 0.56508 0.48819 0.35937 0.25149 0.18152 0.12714 0.088872 0.062094 0.043144 0.029921 0.020628 0.014195 0.0097591 0.0067035 0.0045519 0.0030768 0.0020707 0.0013782 0.00093195 0.00065649 0.00045767 0.00028138 0.00038811 0.00043844 4.6976e-05 1.0132e-05 1.8543e-06
11.354 10.288 7.7511 6.5961 6.0162 6.4082 7.1649 9.5087 6.1181 5.1062 4.5221 3.5329 2.3728 1.7319 1.5504 1.421 1.3295 0.8989 0.65046 0.45793 0.3239 0.22592 0.1573 0.10962 0.075989 0.052552 0.036147 0.024812 0.017012 0.011661 0.0078982 0.0053271 0.0035824 0.002401 0.0016227 0.0010848 0.000594 0.0004809 0.00054901 0.00018582 2.6057e-05 4.7696e-06
28.688 25.551 27.252 23.809 20.433 19.215 19.267 26.051 16.91 13.739 11.991 9.2093 6.3903 4.5275 4.0257 3.7295 3.3305 2.4481 1.6378 1.1717 0.81623 0.57581 0.39975 0.27848 0.19257 0.13321 0.091871 0.063068 0.043197 0.029548 0.020221 0.013658 0.0092025 0.0061662 0.0041329 0.0027483 0.0017893 0.0011914 0.00099202 0.00094198 6.7016e-05 1.2267e-05
71.312 67.797 86.946 89.956 82.077 72.759 64.5 67.678 50.214 40.88 34.391 25.022 18.109 12.595 10.653 9.7123 8.8122 6.0464 4.2408 2.9844 2.0976 1.4573 1.0206 0.70638 0.48931 0.33812 0.23244 0.15973 0.10955 0.07489 0.051129 0.034936 0.023564 0.015853 0.010613 0.0071024 0.0047041 0.0031857 0.0020998 0.0011889 0.00033413 3.1549e-05
174.11 159.04 232.78 276.71 282.33 246.13 229.08 193.95 147.12 117.67 101.07 70.996 50.332 34.038 29.154 26.114 22.957 16.053 11.15 7.7071 5.3737 3.7419 2.6032 1.8051 1.2444 0.85774 0.59012 0.40502 0.27697 0.18948 0.12929 0.088125 0.060114 0.040518 0.02722 0.018141 0.012105 0.0080362 0.0053847 0.0023607 0.00075879 8.1139e-05
344.55 344.55 547.65 713.81 839.14 819.37 752.24 548.6 437.18 353 298.21 202.13 138.68 91.271 79.415 72.125 61.239 42.743 29.073 20.359 13.887 9.6301 6.6636 4.6356 3.1843 2.186 1.5005 1.0276 0.70237 0.47939 0.32656 0.22236 0.15131 0.10305 0.069466 0.046586 0.031106 0.020741 0.013714 0.0056017 0.0034599 0.0001525
657.08 657.08 1158.8 1611.9 2182.5 2485.2 2466 1816 1366.6 1111.1 916.4 591.13 378.35 251.84 215.23 192.14 164.79 111.73 75.938 52.26 36.125 25.058 17.153 11.871 8.1572 5.6023 3.8302 2.6194 1.7864 1.216 0.82687 0.56187 0.38128 0.25894 0.17607 0.11865 0.079536 0.05305 0.035304 0.013509 0.0039924 0.00034635
1204.7 1188.7 1204.7 3045.9 4679.9 6477.7 6874.5 5027.7 3630.5 3332.3 2905.2 1948.5 1107.3 712.38 600.86 532.72 454.69 297.88 200.72 136.33 93.193 64.085 44.203 30.458 20.931 14.366 9.8312 6.6983 4.5643 3.1009 2.1028 1.4245 0.96518 0.65294 0.44206 0.29998 0.20202 0.13541 0.090509 0.034623 0.0081312 0.0016135
2105.4 2175.8 3135.3 4491.8 2105.4 12387 15054 14470 10206 8332 7054.4 4714.5 2957.5 1991.2 1666.2 1469.9 1242.7 803.48 532.6 358.84 243.22 166.37 113.99 78.265 53.811 36.886 25.23 17.207 11.682 7.9363 5.3729 3.6315 2.453 1.6547 1.1164 0.75397 0.51023 0.34332 0.22992 0.08936 0.019122 0.0028876
3447.8 3839.6 4902 6369.1 3447.8 17571 23755 32661 24941 21279 18729 12060 7838.6 5213.1 4492.3 3962.6 3337.4 2129.8 1397 935 632.64 430.85 294.92 201.87 138.3 94.855 64.821 44.187 30.036 20.332 13.77 9.2941 6.2651 4.2159 2.8362 1.9081 1.2848 0.8671 0.58246 0.22647 0.050433 0.0088536
5276 6472.1 8509.3 11337 14535 21143 27357 51085 48367 43422 39742 28883 19718 13199 5276 10029 8514.8 5550.1 3642.3 2423.1 1636.6 1113.6 760.9 520.38 356.3 243.56 166.62 113.54 77.157 52.279 35.375 23.836 16.047 10.785 7.2402 4.8585 3.2595 2.1889 1.4731 0.5759 0.12599 0.017707
8735 13479 18057 20568 23484 27551 31350 52628 60787 67797 85752 70730 44858 29971 26360 23754 20644 13125 8954.4 6072.7 4141.7 2834.1 1943.4 1333 914.05 625.86 427.19 291.49 198.04 134.29 90.375 61.193 41.169 27.647 18.538 12.419 8.3137 5.5653 3.7292 1.4632 0.32177 0.044267
14462 20348 32167 40788 51973 66106 72789 14462 1.6262e+05 1.5759e+05 1.5007e+05 1.2506e+05 87895 61679 56001 52043 46397 31808 22453 15055 10353 7169.3 4940.4 3401.7 2337.9 1603.2 1096.4 747.03 507.41 344.59 233.08 156.51 105.69 70.948 47.545 31.813 21.27 14.211 9.4955 3.7244 0.81995 0.11509
25796 39616 57501 69569 89172 1.223e+05 1.4866e+05 2.4874e+05 3.0099e+05 3.0933e+05 3.1036e+05 25796 2.3652e+05 1.5581e+05 1.3778e+05 1.266e+05 1.1311e+05 79158 54999 38282 26439 18279 12633 8714.2 5996.4 4115.3 2815.5 1919.9 1304.8 883.84 598.48 403.71 270.72 182.2 122.04 81.62 54.513 36.378 24.263 9.4424 2.0884 0.28323
50997 72392 99681 1.1014e+05 1.2135e+05 1.5386e+05 1.8029e+05 4.0246e+05 6.7002e+05 7.5237e+05 7.7869e+05 7.2105e+05 5.413e+05 3.6826e+05 3.1779e+05 2.8607e+05 2.5092e+05 1.82e+05 1.2859e+05 91030 64376 45256 31631 22003 15230 10494 7199 4918.2 3348 2269.8 1534 1036.2 697.35 467.17 313.39 209.51 139.87 93.256 62.131 24.067 5.3461 0.4652
1.0549e+05 1.4678e+05 1.9934e+05 2.1891e+05 2.3846e+05 2.6009e+05 2.7375e+05 3.2279e+05 3.8342e+05 4.1906e+05 4.5098e+05 8.8965e+05 8.8341e+05 6.8795e+05 6.1914e+05 5.7247e+05 5.1465e+05 3.8706e+05 2.8981e+05 2.1436e+05 1.5603e+05 1.1195e+05 79361 55594 38797 26818 18402 12600 8587 5830 3941.6 2656.6 1790.2 1202.3 802.12 538.04 359.07 239.31 159.31 61.521 13.682 1.17
2.3818e+05 3.1757e+05 4.1783e+05 4.5513e+05 4.9242e+05 5.3386e+05 5.6007e+05 6.5532e+05 7.325e+05 7.6868e+05 7.9739e+05 8.6436e+05 9.2337e+05 9.2057e+05 9.005e+05 8.8181e+05 8.5173e+05 7.4435e+05 6.4329e+05 5.0292e+05 3.7675e+05 2.7544e+05 1.9763e+05 1.3978e+05 97919 68027 46941 32204 21983 14944 10117 6824.4 4589.5 3085.8 2067.8 1377.1 922.09 614.34 408.8 157.54 34.794 2.9501
6.2138e+05 7.6952e+05 9.5404e+05 1.0221e+06 1.0898e+06 1.1647e+06 1.2121e+06 1.3842e+06 1.5246e+06 1.5905e+06 1.6426e+06 1.7593e+06 1.8775e+06 1.888e+06 1.8672e+06 1.844e+06 1.8017e+06 1.6293e+06 1.3943e+06 1.1338e+06 8.8236e+05 6.6306e+05 4.8517e+05 3.4773e+05 2.4595e+05 1.7202e+05 1.1926e+05 82098 56181 38252 25937 17512 11788 7910.6 5307.8 3549.8 2358.1 1577.6 1049.5 403.87 88.629 7.4298
1.9885e+06 2.2075e+06 2.4914e+06 2.5962e+06 2.7004e+06 2.8153e+06 2.8878e+06 3.1502e+06 3.3637e+06 3.4643e+06 3.544e+06 3.7233e+06 3.8902e+06 3.9295e+06 3.9056e+06 3.8739e+06 3.8116e+06 3.534e+06 3.1148e+06 2.6112e+06 2.0891e+06 1.6058e+06 1.1952e+06 8.6706e+05 6.1864e+05 4.3539e+05 3.032e+05 2.0938e+05 1.4361e+05 97948 66483 44952 30271 20340 13612 9114.8 6084.6 4035.2 2695.5 1036.4 226.39 19.075
7.6889e+06 7.5886e+06 7.6284e+06 7.6655e+06 7.7098e+06 7.7654e+06 7.8037e+06 7.958e+06 8.095e+06 8.1613e+06 8.2139e+06 8.328e+06 8.4033e+06 8.3306e+06 8.2562e+06 8.1825e+06 8.0552e+06 7.5416e+06 6.7907e+06 5.8528e+06 4.8285e+06 3.8078e+06 2.8971e+06 2.1394e+06 1.5426e+06 1.0951e+06 7.6734e+05 5.3226e+05 3.6625e+05 2.5037e+05 1.7023e+05 1.1522e+05 77703 52214 35000 23376 15624 10412 6894.4 2660.6 579.36 110.91
2.7164e+07 2.5502e+07 2.4004e+07 2.3541e+07 2.3113e+07 2.2672e+07 2.2408e+07 2.2857e+07 2.2872e+07 2.3313e+07 2.3904e+07 2.6864e+07 1.9797e+07 1.8178e+07 1.7857e+07 1.7604e+07 1.7234e+07 1.6052e+07 1.4573e+07 1.28e+07 1.0821e+07 8.7848e+06 6.8607e+06 5.1787e+06 3.796e+06 2.7282e+06 1.9287e+06 1.3464e+06 9.3069e+05 6.3835e+05 4.3508e+05 2.9499e+05 1.9915e+05 1.3395e+05 89842 60062 40070 26736 17778 6832.8 1484.7 278.2
5.2046e+07 5.1499e+07 5.117e+07 5.103e+07 5.0855e+07 5.0606e+07 5.0414e+07 4.9452e+07 4.8307e+07 4.7631e+07 4.7021e+07 4.5301e+07 4.2692e+07 3.996e+07 3.8945e+07 3.8186e+07 3.7139e+07 3.4172e+07 3.0964e+07 2.7448e+07 2.3702e+07 1.9741e+07 1.5839e+07 1.2261e+07 9.1788e+06 6.708e+06 4.8014e+06 3.3821e+06 2.3532e+06 1.6217e+06 1.1091e+06 7.5384e+05 5.0984e+05 3.4339e+05 2.3048e+05 1.5427e+05 1.0295e+05 68576 45680 17490 3808.4 706.75
7.6242e+07 7.5613e+07 7.5883e+07 7.6147e+07 7.6476e+07 7.6904e+07 7.7207e+07 7.8478e+07 7.9628e+07 8.0164e+07 8.0561e+07 8.123e+07 8.0902e+07 7.8788e+07 7.7584e+07 7.6558e+07 7.4992e+07 6.9905e+07 6.3903e+07 5.7246e+07 5.0102e+07 4.2652e+07 3.5177e+07 2.7973e+07 2.1565e+07 1.6128e+07 1.1756e+07 8.3942e+06 5.8987e+06 4.0944e+06 2.8147e+06 1.9203e+06 1.3023e+06 8.7883e+05 5.907e+05 3.9571e+05 2.6441e+05 1.7616e+05 1.1716e+05 45094 9775 1813.8
1.0191e+08 1.0096e+08 1.0119e+08 1.0148e+08 1.0187e+08 1.0239e+08 1.0277e+08 1.0449e+08 1.0637e+08 1.0746e+08 1.0844e+08 1.1128e+08 1.1569e+08 1.1989e+08 1.2109e+08 1.218e+08 1.2245e+08 1.2198e+08 1.1747e+08 1.0988e+08 9.956e+07 8.7435e+07 7.4405e+07 6.1268e+07 4.8774e+07 3.7569e+07 2.8078e+07 2.0452e+07 1.4589e+07 1.0238e+07 7.0947e+06 4.8683e+06 3.315e+06 2.2437e+06 1.5113e+06 1.014e+06 6.7812e+05 4.524e+05 3.0108e+05 1.1579e+05 25069 4635.9
1.2508e+08 1.2384e+08 1.2402e+08 1.2435e+08 1.2479e+08 1.2538e+08 1.2581e+08 1.2779e+08 1.2995e+08 1.3121e+08 1.3236e+08 1.357e+08 1.4132e+08 1.4818e+08 1.5097e+08 1.5312e+08 1.5615e+08 1.6444e+08 1.7115e+08 1.7369e+08 1.7001e+08 1.5967e+08 1.4382e+08 1.2443e+08 1.0357e+08 8.3061e+07 6.4317e+07 4.8252e+07 3.5233e+07 2.5166e+07 1.7666e+07 1.2236e+07 8.388e+06 5.7044e+06 3.8553e+06 2.5928e+06 1.737e+06 1.16e+06 7.7278e+05 2.9692e+05 64470 11885
1.4706e+08 1.4554e+08 1.4767e+08 1.4802e+08 1.485e+08 1.4917e+08 1.4765e+08 1.4987e+08 1.5232e+08 1.5375e+08 1.5504e+08 1.5882e+08 1.6518e+08 1.7292e+08 1.7609e+08 1.7857e+08 1.8213e+08 1.9288e+08 2.0508e+08 2.179e+08 2.2908e+08 2.3488e+08 2.3175e+08 2.1821e+08 1.9561e+08 1.6721e+08 1.3675e+08 1.0742e+08 8.1435e+07 5.99e+07 4.2988e+07 3.026e+07 2.0986e+07 1.439e+07 9.7819e+06 6.6055e+06 4.4378e+06 2.9695e+06 1.9806e+06 7.6272e+05 1.6562e+05 30492
1.6582e+08 1.6405e+08 1.6413e+08 1.645e+08 1.6501e+08 1.6573e+08 1.6626e+08 1.6868e+08 1.7137e+08 1.7293e+08 1.7435e+08 1.7852e+08 1.8553e+08 1.9407e+08 1.9757e+08 2.0031e+08 2.0423e+08 2.1606e+08 2.2961e+08 2.4487e+08 2.6168e+08 2.7918e+08 2.9481e+08 3.0384e+08 3.0109e+08 2.8381e+08 2.5342e+08 2.1463e+08 1.7319e+08 1.3395e+08 9.9956e+07 7.2451e+07 5.1329e+07 3.5737e+07 2.4555e+07 1.6706e+07 1.1282e+07 7.5763e+06 5.0659e+06 1.9578e+06 4.2545e+05 78268
1.8121e+08 1.7923e+08 1.7926e+08 1.7965e+08 1.8018e+08 1.8094e+08 1.815e+08 1.8408e+08 1.8695e+08 1.8863e+08 1.9015e+08 1.9462e+08 2.0216e+08 2.1136e+08 2.1514e+08 2.1809e+08 2.2232e+08 2.3511e+08 2.4974e+08 2.6618e+08 2.8437e+08 3.042e+08 3.2545e+08 3.4726e+08 3.6686e+08 3.7868e+08 3.7596e+08 3.5453e+08 3.1567e+08 2.6561e+08 2.1228e+08 1.6235e+08 1.1976e+08 8.5878e+07 6.0261e+07 4.1606e+07 2.8385e+07 1.9195e+07 1.2896e+07 5.0132e+06 1.0923e+06 2.007e+05
1.9348e+08 1.9134e+08 1.9132e+08 1.9171e+08 1.9227e+08 1.9305e+08 1.9364e+08 1.9634e+08 1.9935e+08 2.0111e+08 2.0272e+08 2.0742e+08 2.1537e+08 2.2509e+08 2.2908e+08 2.322e+08 2.3668e+08 2.5022e+08 2.6574e+08 2.8319e+08 3.0249e+08 3.235e+08 3.4606e+08 3.6999e+08 3.9507e+08 4.2044e+08 4.4324e+08 4.5726e+08 4.5427e+08 4.2854e+08 3.8102e+08 3.193e+08 2.5358e+08 1.9243e+08 1.408e+08 1.0019e+08 6.9799e+07 4.7891e+07 3.2495e+07 1.2789e+07 2.7985e+06 5.1616e+05
2.0308e+08 2.0079e+08 2.0073e+08 2.0114e+08 2.0171e+08 2.0251e+08 2.0311e+08 2.059e+08 2.0902e+08 2.1085e+08 2.1251e+08 2.1739e+08 2.2565e+08 2.3576e+08 2.3991e+08 2.4317e+08 2.4783e+08 2.6196e+08 2.7816e+08 2.964e+08 3.1659e+08 3.3859e+08 3.622e+08 3.8721e+08 4.1344e+08 4.4067e+08 4.6869e+08 4.9673e+08 5.2195e+08 5.3763e+08 5.3423e+08 5.0438e+08 4.4844e+08 3.751e+08 2.9679e+08 2.2412e+08 1.6309e+08 1.154e+08 7.9983e+07 3.2332e+07 7.1726e+06 1.3255e+06
2.1045e+08 2.0806e+08 2.0797e+08 2.0838e+08 2.0895e+08 2.0977e+08 2.1039e+08 2.1325e+08 2.1644e+08 2.1831e+08 2.2002e+08 2.2503e+08 2.3353e+08 2.4392e+08 2.4821e+08 2.5156e+08 2.5636e+08 2.7092e+08 2.8764e+08 3.0649e+08 3.2736e+08 3.5012e+08 3.7456e+08 4.0047e+08 4.2762e+08 4.5577e+08 4.8475e+08 5.1438e+08 5.4447e+08 5.7438e+08 6.0131e+08 6.1827e+08 6.1451e+08 5.8101e+08 5.172e+08 4.3263e+08 3.418e+08 2.5739e+08 1.8665e+08 8.0038e+07 1.8292e+07 3.4e+06
