0.34153 0.34163 0.34174 0.34179 0.34183 0.34176 0.34187 0.34205 0.34153 0.34226 0.34233 0.34153 0.34153 0.34153 0.34153 0.34153 0.34153 0.34153 0.34153 0.34701 0.34724 0.34722 0.3472 0.3471 0.34712 0.34711 0.34714 0.34717 0.34722 0.34728 0.34737 0.34749 0.34764 0.34785 0.34814 0.34853 0.34905 0.34976 0.35074 0.35466 0.37237 0.45623
0.2211 0.3411 0.34163 0.34166 0.34133 0.34173 0.34176 0.34176 0.34198 0.34204 0.34209 0.34225 0.34252 0.2211 0.34305 0.34318 0.2211 0.2211 0.2211 0.34627 0.347 0.34724 0.34722 0.34722 0.34712 0.34714 0.34714 0.34717 0.34722 0.34728 0.34737 0.34749 0.34764 0.34786 0.34814 0.34853 0.34905 0.34976 0.35072 0.35466 0.37236 0.45615
0.2178 0.24084 0.31761 0.31898 0.33993 0.34007 0.34031 0.34172 0.34181 0.34175 0.34183 0.34202 0.34223 0.3425 0.2178 0.34272 0.34286 0.2178 0.2178 0.34489 0.34617 0.347 0.34725 0.34724 0.34723 0.34714 0.34716 0.34718 0.34722 0.34728 0.34737 0.34749 0.34764 0.34786 0.34814 0.34853 0.34905 0.34976 0.35073 0.35464 0.37229 0.45617
0.21442 0.23771 0.25944 0.26618 0.27241 0.32115 0.32202 0.32518 0.33958 0.3395 0.34061 0.34215 0.34201 0.34222 0.34231 0.34238 0.34248 0.34284 0.21442 0.34396 0.34484 0.34608 0.347 0.34726 0.34725 0.34725 0.34727 0.3472 0.34722 0.34728 0.34737 0.34749 0.34764 0.34785 0.34814 0.34853 0.34905 0.34976 0.35073 0.35465 0.3723 0.45617
0.21108 0.23437 0.25631 0.26338 0.26972 0.27626 0.28015 0.29313 0.32713 0.32836 0.32933 0.33977 0.34073 0.342 0.34207 0.34219 0.34221 0.34247 0.34282 0.21108 0.34392 0.34478 0.346 0.347 0.34725 0.34727 0.34728 0.34731 0.34725 0.34729 0.34737 0.34749 0.34764 0.34785 0.34814 0.34853 0.34905 0.34976 0.35073 0.35464 0.3723 0.45606
0.20757 0.23103 0.25329 0.26027 0.26673 0.27341 0.27738 0.29089 0.30062 0.30508 0.30837 0.33116 0.33995 0.34071 0.34073 0.34093 0.34157 0.34219 0.34245 0.3428 0.34326 0.34388 0.34473 0.34592 0.347 0.34725 0.3473 0.34732 0.34735 0.34731 0.34737 0.34749 0.34764 0.34785 0.34814 0.34853 0.34905 0.34976 0.35073 0.35465 0.37232 0.4561
0.20381 0.22744 0.25006 0.25718 0.26379 0.2706 0.27469 0.28834 0.29836 0.3031 0.30659 0.31446 0.33355 0.34064 0.34065 0.34074 0.34085 0.34126 0.34198 0.34244 0.34278 0.34323 0.34385 0.34468 0.34584 0.34701 0.34726 0.34734 0.34736 0.34742 0.3474 0.34749 0.34764 0.34786 0.34814 0.34853 0.34905 0.34976 0.35073 0.35465 0.37231 0.45608
0.19965 0.22362 0.24655 0.25378 0.19965 0.26757 0.27175 0.28586 0.29623 0.3009 0.30451 0.31293 0.32181 0.33551 0.33626 0.33679 0.337 0.34099 0.3413 0.3419 0.34233 0.34276 0.34321 0.34382 0.34464 0.34578 0.34703 0.34728 0.34739 0.34743 0.34751 0.34751 0.34765 0.34786 0.34814 0.34853 0.34905 0.34976 0.35073 0.35465 0.37232 0.45609
0.19557 0.2195 0.24272 0.25011 0.25702 0.2642 0.26855 0.28308 0.29388 0.29875 0.30253 0.31106 0.32032 0.32734 0.32935 0.3306 0.33706 0.33805 0.34111 0.34142 0.3418 0.34229 0.34274 0.34319 0.34379 0.3446 0.34572 0.34705 0.34731 0.34745 0.34752 0.34762 0.34767 0.34786 0.34814 0.34853 0.34905 0.34976 0.35073 0.35465 0.37232 0.45612
0.19095 0.215 0.23854 0.24608 0.25314 0.2605 0.26495 0.27995 0.29121 0.29626 0.30024 0.30921 0.31901 0.3261 0.3284 0.32975 0.33139 0.33823 0.33886 0.34123 0.34152 0.34187 0.34228 0.34268 0.34317 0.34377 0.34457 0.34568 0.34709 0.34736 0.34754 0.34763 0.34778 0.34788 0.34815 0.34853 0.34905 0.34976 0.35073 0.35465 0.37232 0.4561
0.18578 0.20997 0.23384 0.24153 0.24876 0.25632 0.2609 0.27643 0.28813 0.29344 0.29759 0.30707 0.31749 0.32504 0.3272 0.32863 0.33036 0.3343 0.33909 0.3394 0.34133 0.34161 0.34191 0.3423 0.34268 0.34316 0.34375 0.34455 0.34565 0.34714 0.34743 0.34766 0.34779 0.34799 0.34817 0.34854 0.34905 0.34976 0.35073 0.35465 0.37232 0.45612
0.17975 0.20407 0.22832 0.23618 0.2436 0.25139 0.25612 0.27225 0.28449 0.29007 0.29445 0.30448 0.31559 0.32369 0.32607 0.32761 0.32945 0.33339 0.33634 0.33971 0.33985 0.3414 0.34157 0.34196 0.3423 0.34268 0.34315 0.34374 0.34455 0.34564 0.34722 0.34753 0.34782 0.34801 0.34828 0.34856 0.34908 0.34976 0.35073 0.35465 0.37232 0.45611
0.17216 0.19666 0.22136 0.22945 0.23711 0.24518 0.25009 0.26696 0.27986 0.28578 0.29044 0.30116 0.31308 0.32194 0.32446 0.32619 0.32821 0.33264 0.33549 0.33771 0.33913 0.34013 0.34144 0.3416 0.34197 0.34231 0.34267 0.34313 0.34375 0.34455 0.34565 0.34731 0.34767 0.34803 0.34829 0.34867 0.34908 0.34978 0.35073 0.35465 0.37232 0.45611
0.16176 0.18647 0.21179 0.22016 0.22814 0.23659 0.24175 0.25961 0.27341 0.27978 0.28481 0.29646 0.30952 0.31929 0.32214 0.32402 0.32636 0.33126 0.33456 0.33679 0.33856 0.33962 0.34083 0.34143 0.34164 0.34197 0.3423 0.34267 0.34314 0.34376 0.34458 0.34569 0.34735 0.34786 0.34831 0.34868 0.34919 0.34979 0.35075 0.35465 0.37232 0.45611
0.14671 0.14671 0.19759 0.20634 0.21473 0.22369 0.2292 0.24844 0.2635 0.27051 0.27607 0.28905 0.30378 0.31496 0.31824 0.32043 0.32311 0.32888 0.3329 0.33557 0.33742 0.33892 0.33982 0.34081 0.34134 0.34156 0.34193 0.34227 0.34265 0.34314 0.34378 0.34462 0.34576 0.34744 0.34812 0.3487 0.3492 0.34989 0.35075 0.35465 0.37231 0.45611
0.1255 0.1255 0.17644 0.18554 0.19437 0.2039 0.20981 0.23077 0.24751 0.25539 0.2617 0.27656 0.29378 0.30713 0.31112 0.3138 0.31711 0.32434 0.32948 0.33309 0.33559 0.33728 0.33874 0.33965 0.34055 0.3411 0.34136 0.34181 0.34219 0.34261 0.34314 0.34381 0.34469 0.34588 0.3476 0.34849 0.34921 0.3499 0.35085 0.35465 0.37231 0.45611
0.099445 0.12224 0.099445 0.15709 0.16606 0.17588 0.18206 0.2044 0.22278 0.23161 0.23874 0.25589 0.27638 0.29287 0.29793 0.30138 0.30568 0.31534 0.32249 0.3277 0.3315 0.33423 0.33615 0.33783 0.339 0.33993 0.3406 0.341 0.34155 0.34201 0.34251 0.3431 0.34383 0.34478 0.34604 0.34784 0.34896 0.3499 0.35085 0.35466 0.37231 0.4561
0.073932 0.093625 0.11676 0.12518 0.073932 0.14297 0.14894 0.17107 0.18993 0.19922 0.20684 0.22563 0.24908 0.26901 0.27536 0.27977 0.28538 0.29847 0.30874 0.31669 0.32277 0.32743 0.33095 0.33354 0.33578 0.33741 0.33867 0.33963 0.34026 0.34103 0.34165 0.34228 0.34298 0.34383 0.34488 0.34626 0.34818 0.3496 0.35083 0.35474 0.3723 0.4561
0.054246 0.070441 0.089952 0.097186 0.054246 0.11269 0.11797 0.13791 0.15541 0.16422 0.17155 0.19005 0.21419 0.23591 0.24315 0.24827 0.25493 0.27125 0.28503 0.29652 0.30596 0.31366 0.31988 0.32481 0.32863 0.33192 0.33439 0.33632 0.33783 0.33892 0.34004 0.34095 0.34181 0.34271 0.34373 0.34496 0.34652 0.34863 0.35045 0.35469 0.37228 0.45609
0.041142 0.054485 0.070786 0.076878 0.083048 0.090019 0.094521 0.11167 0.12693 0.13469 0.14121 0.15784 0.18007 0.20073 0.041142 0.2129 0.21962 0.23675 0.25226 0.26624 0.27874 0.28982 0.29946 0.30773 0.31466 0.32033 0.32522 0.32908 0.33214 0.33458 0.33674 0.3382 0.3396 0.34087 0.34211 0.34344 0.34495 0.34679 0.34922 0.35453 0.37224 0.45607
0.033111 0.043804 0.057719 0.062958 0.068283 0.074319 0.078227 0.093198 0.10662 0.11349 0.11927 0.13408 0.15392 0.17232 0.1786 0.18312 0.18908 0.20438 0.21856 0.232 0.24491 0.25732 0.26918 0.28029 0.29046 0.29958 0.3075 0.3145 0.32024 0.32508 0.3285 0.33223 0.33488 0.33712 0.33908 0.3409 0.34272 0.34469 0.347 0.35388 0.37219 0.45601
0.026647 0.036208 0.04826 0.052848 0.057537 0.062882 0.066361 0.026647 0.092029 0.098337 0.10367 0.11742 0.13593 0.15294 0.15865 0.16272 0.16802 0.18123 0.19298 0.20385 0.21438 0.22492 0.23577 0.24688 0.25808 0.26914 0.27979 0.28968 0.29867 0.30692 0.31396 0.31947 0.32494 0.32915 0.33272 0.3358 0.33856 0.3412 0.34393 0.35217 0.37178 0.45585
0.02243 0.030539 0.040947 0.044961 0.049092 0.053838 0.056947 0.069121 0.080405 0.086312 0.091348 0.02243 0.12259 0.13939 0.14502 0.149 0.15415 0.16661 0.17702 0.1859 0.19387 0.20147 0.20931 0.21764 0.22664 0.23634 0.24663 0.2573 0.26804 0.27851 0.28868 0.29794 0.30591 0.31351 0.31984 0.32531 0.33007 0.33431 0.33826 0.34793 0.37075 0.45545
0.019688 0.02647 0.035324 0.038782 0.042367 0.046518 0.049257 0.06013 0.070434 0.075919 0.080645 0.093239 0.11106 0.12818 0.134 0.13814 0.14351 0.15647 0.16696 0.17533 0.18214 0.18799 0.19335 0.19882 0.20465 0.21111 0.21839 0.22659 0.23571 0.24556 0.25596 0.26683 0.27747 0.28748 0.29718 0.30588 0.31372 0.32072 0.32706 0.34065 0.36816 0.45446
0.018739 0.024249 0.031583 0.034486 0.037515 0.04105 0.043398 0.052847 0.061998 0.066952 0.071268 0.082998 0.10021 0.11749 0.12354 0.1279 0.13361 0.14763 0.15911 0.1681 0.17504 0.18046 0.18482 0.18876 0.19254 0.19644 0.20075 0.20567 0.21141 0.21812 0.22584 0.23459 0.24446 0.25491 0.26536 0.27655 0.28714 0.29725 0.30676 0.32691 0.362 0.45211
0.020753 0.024843 0.030551 0.032862 0.0353 0.038174 0.040098 0.047964 0.055754 0.060043 0.063822 0.074293 0.090245 0.10704 0.11314 0.1176 0.12354 0.1386 0.15139 0.16163 0.16949 0.17541 0.17991 0.18338 0.18638 0.18908 0.19173 0.19453 0.19767 0.20138 0.20579 0.21109 0.21744 0.22514 0.23385 0.24325 0.25412 0.26525 0.27668 0.30335 0.34828 0.44626
0.028911 0.030808 0.034305 0.035898 0.037563 0.039625 0.041035 0.04699 0.053122 0.056578 0.059666 0.068423 0.082317 0.097712 0.10352 0.10784 0.11371 0.12918 0.14307 0.15471 0.16389 0.17086 0.17605 0.17981 0.18283 0.18525 0.18731 0.18919 0.19105 0.19305 0.19536 0.19807 0.20143 0.20557 0.21089 0.21723 0.22437 0.23354 0.24356 0.27099 0.32461 0.43357
0.050422 0.04821 0.047803 0.048105 0.048614 0.049409 0.050038 0.053198 0.056988 0.059302 0.061434 0.067788 0.078594 0.091417 0.096472 0.10032 0.10565 0.12038 0.13454 0.14716 0.15765 0.1659 0.17213 0.17661 0.18009 0.18273 0.18479 0.18646 0.18789 0.18921 0.19054 0.192 0.19365 0.19575 0.19826 0.20171 0.20592 0.21076 0.21763 0.23848 0.29126 0.40928
0.092218 0.085638 0.07974 0.078087 0.076695 0.075423 0.074759 0.073311 0.07333 0.073791 0.074414 0.077022 0.083004 0.091565 0.095247 0.098147 0.10231 0.11458 0.12746 0.13992 0.15109 0.1604 0.16775 0.17333 0.17735 0.18049 0.18287 0.18468 0.18611 0.18728 0.18829 0.18923 0.19022 0.19129 0.19261 0.19414 0.19638 0.19913 0.20223 0.21518 0.25609 0.37169
0.1472 0.13948 0.1317 0.129 0.12636 0.12349 0.12171 0.11544 0.1107 0.10863 0.1071 0.10412 0.10255 0.10415 0.10551 0.10677 0.10882 0.11611 0.12534 0.13559 0.14585 0.15525 0.16323 0.16963 0.17439 0.17815 0.18098 0.18313 0.18476 0.18603 0.18704 0.18787 0.18861 0.18933 0.19011 0.19096 0.19204 0.19361 0.19546 0.20253 0.22955 0.32706
0.22392 0.20658 0.19345 0.18975 0.18641 0.18299 0.18093 0.17359 0.16726 0.164 0.16124 0.15411 0.14486 0.13756 0.13559 0.1344 0.13318 0.13217 0.13436 0.13918 0.14574 0.15304 0.16018 0.16653 0.17162 0.17582 0.17907 0.18158 0.1835 0.18497 0.18611 0.18701 0.18774 0.18837 0.18897 0.18961 0.19029 0.19114 0.19241 0.19642 0.21457 0.29034
0.35279 0.31407 0.28293 0.27413 0.2663 0.25864 0.25419 0.24016 0.23042 0.22608 0.22267 0.21448 0.20346 0.19205 0.18785 0.18476 0.18065 0.17051 0.16297 0.15868 0.15762 0.15921 0.16252 0.16648 0.17067 0.17447 0.17768 0.18029 0.18237 0.18401 0.1853 0.18631 0.18712 0.18779 0.18837 0.18893 0.18953 0.19017 0.19097 0.1943 0.20755 0.26795
0.55833 0.4879 0.42881 0.41143 0.39572 0.37986 0.37052 0.34007 0.31822 0.30856 0.30112 0.28436 0.26613 0.25182 0.24717 0.24381 0.2392 0.22647 0.21336 0.20062 0.18986 0.18202 0.17739 0.1755 0.17558 0.17681 0.17853 0.18034 0.18203 0.1835 0.18476 0.18579 0.18665 0.18736 0.18798 0.18854 0.18911 0.18974 0.19047 0.19322 0.20441 0.25688
0.86541 0.75027 0.65207 0.62276 0.59602 0.56873 0.5525 0.49853 0.45836 0.44006 0.42564 0.39214 0.35379 0.32402 0.31507 0.30903 0.30153 0.28435 0.27004 0.25604 0.24137 0.22649 0.21282 0.20168 0.19366 0.18855 0.18578 0.18456 0.18434 0.18466 0.18523 0.1859 0.18656 0.18719 0.18777 0.18832 0.18888 0.18948 0.1902 0.19261 0.20326 0.25194
1.3063 1.1288 0.97628 0.93056 0.8887 0.84581 0.82035 0.73451 0.66967 0.63975 0.61596 0.55971 0.49276 0.43757 0.42019 0.4082 0.39303 0.35811 0.33152 0.31144 0.29526 0.28017 0.26437 0.2478 0.23169 0.21769 0.20669 0.19879 0.19362 0.19046 0.18873 0.18793 0.18769 0.18777 0.18803 0.18841 0.18887 0.18941 0.19008 0.19245 0.20271 0.24982
1.925 1.6611 1.4341 1.3658 1.3031 1.2389 1.2005 1.0713 0.97317 0.92765 0.89134 0.80486 0.70031 0.61181 0.58324 0.56325 0.53756 0.47608 0.42613 0.38664 0.35636 0.33357 0.31558 0.29947 0.2828 0.26496 0.24695 0.23058 0.21708 0.20688 0.19976 0.19506 0.19218 0.19053 0.18969 0.18938 0.18941 0.1897 0.19022 0.19245 0.20247 0.24887
2.7829 2.4 2.0702 1.9709 1.8798 1.7862 1.7303 1.5419 1.3985 1.3318 1.2785 1.1513 0.99654 0.86415 0.82098 0.7906 0.7513 0.65563 0.57517 0.50831 0.45373 0.41027 0.37671 0.35144 0.33179 0.31473 0.29741 0.27865 0.25924 0.24101 0.22548 0.21341 0.20471 0.19881 0.19503 0.19275 0.19152 0.19099 0.19099 0.19265 0.20236 0.24826
3.9655 3.4189 2.9479 2.8061 2.6759 2.5422 2.4622 2.1927 1.9874 1.8918 1.8155 1.6329 1.4101 1.2188 1.1561 1.1119 1.0546 0.91412 0.79424 0.69249 0.60675 0.53531 0.47674 0.42986 0.39343 0.36589 0.34472 0.32689 0.30899 0.28964 0.26923 0.24962 0.23244 0.21888 0.20891 0.20202 0.1976 0.19491 0.19348 0.19348 0.20228 0.24821
5.5907 4.8195 4.1548 3.9546 3.7708 3.5821 3.4692 3.0886 2.7985 2.6634 2.5555 2.2972 1.9818 1.7104 1.6214 1.5585 1.4769 1.2763 1.1041 0.95666 0.83078 0.72382 0.63355 0.55816 0.49616 0.44628 0.40732 0.37774 0.35518 0.33653 0.31831 0.2986 0.27754 0.25682 0.23845 0.22371 0.21273 0.20515 0.20026 0.19593 0.20277 0.24816
7.8215 6.7422 5.8119 5.5316 5.2743 5.0101 4.852 4.3192 3.9129 3.7238 3.5725 3.2107 2.7686 2.3879 2.2629 2.1746 2.06 1.7777 1.5349 1.3262 1.147 0.99356 0.86246 0.75096 0.65675 0.57791 0.51288 0.46036 0.41914 0.38771 0.36387 0.34448 0.32603 0.30617 0.28472 0.26326 0.24398 0.22831 0.21661 0.20243 0.2041 0.24827
