1.8988e-11 1.6382e-11 1.4139e-11 1.3463e-11 2.4537e-10 2.3247e-10 2.3882e-10 2.0017e-10 1.8988e-11 1.7186e-10 1.6465e-10 1.8988e-11 1.8988e-11 1.8988e-11 1.8988e-11 1.8988e-11 1.8988e-11 1.8988e-11 1.8988e-11 0.40849 0.27169 0.0017865 2.3058e-05 0.00027353 1.3948e-08 7.3554e-12 4.5553e-12 2.9591e-12 2.0476e-12 1.4857e-12 1.104e-12 8.248e-13 6.1312e-13 4.5137e-13 3.2868e-13 2.3683e-13 1.6903e-13 1.1965e-13 8.4073e-14 3.604e-14 8.9352e-15 1.8366e-15
3.0056e-07 1.7625e-05 3.6316e-11 3.4573e-11 6.2835e-10 5.9817e-10 5.7894e-10 5.3413e-10 4.6432e-10 4.4111e-10 4.2253e-10 3.7794e-10 0.0062787 3.0056e-07 0.4352 0.28324 3.0056e-07 3.0056e-07 3.0056e-07 0.46178 0.36059 0.0024401 3.1069e-05 0.00050295 8.0233e-08 1.8921e-11 1.1715e-11 7.6109e-12 5.2663e-12 3.8211e-12 2.8393e-12 2.1213e-12 1.5769e-12 1.1609e-12 8.4532e-13 6.091e-13 4.3474e-13 3.0772e-13 2.1621e-13 9.2694e-14 2.2979e-14 4.7214e-15
0.0047577 0.0047577 0.0047577 0.02715 0.040999 4.9267 2.4484 1.32e-09 1.1924e-09 1.1308e-09 1.0837e-09 9.7005e-10 0.59507 0.038573 0.0047577 0.44187 0.0041918 0.0047577 0.0047577 2.0668 0.50468 0.0013628 4.8223e-05 0.0011721 4.23e-07 4.8654e-11 3.0136e-11 1.9573e-11 1.3545e-11 9.8277e-12 7.3026e-12 5.4559e-12 4.0557e-12 2.9857e-12 2.1741e-12 1.5666e-12 1.1181e-12 7.914e-13 5.561e-13 2.3837e-13 5.9067e-14 1.2145e-14
0.0042245 0.0070742 0.015895 0.021795 0.051352 1.0047 13.704 71.639 0.63248 52.795 0.49616 2.4972e-09 2.1272e-09 0.038428 0.0043596 0.44214 0.2824 0.15059 0.0042245 0.19213 10.395 0.043272 8.5479e-05 0.0012718 1.0357e-06 1.2518e-10 7.7554e-11 5.0349e-11 3.4834e-11 2.5277e-11 1.8782e-11 1.4032e-11 1.0431e-11 7.679e-12 5.5915e-12 4.029e-12 2.8757e-12 2.0354e-12 1.4302e-12 6.131e-13 1.5193e-13 3.1234e-14
0.0062323 0.006315 0.013932 0.020273 36.466 0.12979 3.4591 19.655 18.006 21.39 8.1119 9.8899 0.69885 4.6471e-09 4.3769e-09 0.0045468 0.0045045 0.0044385 0.18986 0.0062323 1.9814 0.079356 0.00016651 0.0035982 0.0062323 1.4919e-08 1.994e-10 1.2957e-10 8.9606e-11 6.5004e-11 4.8307e-11 3.6091e-11 2.6828e-11 1.975e-11 1.4381e-11 1.0362e-11 7.3961e-12 5.235e-12 3.6783e-12 1.5768e-12 3.9075e-13 8.0287e-14
0.083362 0.007861 0.014521 0.044492 170.14 28.34 0.9497 41.262 0.51933 3.6709 62.008 16.088 0.87858 0.89985 0.97887 0.97081 1.0275 0.0044979 0.0044687 0.14485 0.42602 0.18053 0.00030458 0.0036161 1.4802e-05 4.6178e-08 5.1275e-10 3.3313e-10 2.3059e-10 1.6721e-10 1.2424e-10 9.2826e-11 6.9001e-11 5.0795e-11 3.6988e-11 2.6651e-11 1.9022e-11 1.3464e-11 9.4605e-12 4.0555e-12 1.0051e-12 2.0652e-13
0.56379 0.59654 0.18913 0.20311 6.8644 265.18 46.583 31.446 4.3111 25.067 14.754 18.59 1.4151 0.86757 0.89558 0.9327 0.9451 1.5869 21.326 0.0041962 0.38333 1.1685 0.00051715 0.0037702 7.5859e-05 5.724e-07 1.3174e-09 8.5669e-10 5.9286e-10 4.3031e-10 3.1957e-10 2.3872e-10 1.7747e-10 1.3065e-10 9.513e-11 6.8545e-11 4.8924e-11 3.4628e-11 2.4331e-11 1.0431e-11 2.5849e-12 5.3113e-13
0.55687 0.58976 0.61158 0.65811 0.55687 3.2797 3.3362 5.0133 4.162 4.0056 2.9333 2.2389 1.8909 0.90105 0.98868 1.0076 1.057 1.377 14.801 23.44 0.060672 0.034493 0.00080446 0.003934 0.00033631 1.4453e-06 3.3754e-09 2.2005e-09 1.5246e-09 1.1064e-09 8.2236e-10 6.1406e-10 4.5639e-10 3.3602e-10 2.4465e-10 1.7629e-10 1.2583e-10 8.9061e-11 6.2578e-11 2.6826e-11 6.6483e-12 1.3661e-12
0.55003 0.60684 0.60102 0.6303 3.2375 3.2608 3.317 4.7853 6.0988 5.1268 7.1208 6.9645 4.8099 1.0349 1.6088 1.8145 0.95019 1.0662 11.081 22.773 6.507 0.073324 0.00046368 0.00016284 0.0018113 3.7172e-06 4.1629e-08 5.6388e-09 3.9153e-09 2.8452e-09 2.1144e-09 1.5802e-09 1.174e-09 8.6413e-10 6.2929e-10 4.5343e-10 3.235e-10 2.2906e-10 1.6095e-10 6.8995e-11 1.7099e-11 3.5141e-12
0.55203 0.60177 0.6009 0.61312 3.2422 3.2833 3.3277 4.1954 8.4864 5.769 6.1473 9.1104 5.5838 3.1607 2.7123 2.4762 2.1691 1.0226 8.722 20.971 10.943 0.13716 0.0015648 0.0018566 5.9117e-05 1.396e-05 5.1887e-07 1.4328e-08 1.0034e-08 7.3048e-09 5.4377e-09 4.063e-09 3.021e-09 2.2228e-09 1.6183e-09 1.1662e-09 8.3236e-10 5.8914e-10 4.1399e-10 1.7745e-10 4.3977e-11 9.0364e-12
0.55697 0.58297 0.60873 0.61417 3.2673 3.3067 3.3597 3.8313 7.4403 8.0747 6.7013 11.691 5.9512 3.6149 2.9138 2.6187 2.4564 2.242 10.124 19.921 14.556 0.29432 0.0026706 0.0022635 0.0023021 1.3389e-05 1.4088e-06 4.2823e-08 2.5487e-08 1.8724e-08 1.3958e-08 1.0449e-08 7.7678e-09 5.7199e-09 4.1629e-09 2.9991e-09 2.1408e-09 1.5153e-09 1.0647e-09 4.5478e-10 1.1311e-10 2.3244e-11
0.56593 0.58167 0.63808 0.62216 3.2597 3.3323 3.3794 3.6183 6.5343 10.584 8.7845 12.339 6.5218 4.3871 3.4424 2.9414 2.5576 2.2771 9.0862 20.597 13.723 0.70786 0.0056364 0.0024503 0.0035317 7.2465e-05 3.9645e-06 2.3155e-07 6.4928e-08 4.7542e-08 3.5784e-08 2.6816e-08 1.9977e-08 1.4708e-08 1.0712e-08 7.7145e-09 5.5069e-09 3.897e-09 2.7382e-09 1.174e-09 2.909e-10 5.9779e-11
0.58182 0.59226 0.65538 0.64029 3.2542 3.3142 3.4022 3.6447 5.4944 9.6803 12.197 12.475 8.04 5.2246 4.0731 3.3488 2.7789 2.2127 6.4174 19.367 15.364 1.6054 0.016947 0.0029957 0.0054332 0.00020967 1.7698e-05 1.2246e-06 1.7177e-07 1.2114e-07 9.0822e-08 6.8752e-08 5.126e-08 3.7826e-08 2.7545e-08 1.9852e-08 1.4162e-08 1.0025e-08 7.0426e-09 3.0188e-09 7.4798e-10 1.5375e-10
0.61302 0.62052 0.69397 0.67615 3.2651 3.2989 3.381 3.8825 4.6697 7.5122 13.62 11.384 11.552 6.0724 4.9143 4.0017 3.1311 2.2737 4.5643 17.561 16.587 3.3614 0.05101 0.003873 0.0074581 0.00070183 4.4445e-05 5.6694e-06 8.0452e-07 3.6841e-07 2.3148e-07 1.7445e-07 1.3134e-07 9.7042e-08 7.0842e-08 5.1047e-08 3.6441e-08 2.578e-08 1.8116e-08 7.7647e-09 1.924e-09 3.9541e-10
0.65706 0.65706 0.7415 0.74248 3.3384 3.3112 3.3529 4.0345 4.1534 5.8451 10.03 11.444 17.135 6.9963 6.0978 5.0503 3.8335 2.4592 3.634 15.772 17.432 5.8127 0.12374 0.0048469 0.010902 0.0025631 0.00010651 1.5872e-05 2.1799e-06 9.5139e-07 6.0128e-07 4.4473e-07 3.3341e-07 2.4847e-07 1.8172e-07 1.3129e-07 9.3708e-08 6.6337e-08 4.6587e-08 1.997e-08 4.9504e-09 1.0277e-09
0.72163 0.72163 0.79782 0.82882 3.5305 3.417 3.3925 4.1244 4.2923 4.9625 7.2356 15.742 22.6 8.4515 8.6405 7.3081 5.346 2.8127 3.277 14.341 17.932 8.4196 0.26944 0.0068599 0.013568 0.0066978 0.00023562 4.0377e-05 9.017e-06 2.6354e-06 1.6902e-06 1.1474e-06 8.8397e-07 6.3102e-07 4.6498e-07 3.3671e-07 2.4101e-07 1.7059e-07 1.1988e-07 5.1357e-08 1.2729e-08 2.6217e-09
0.82232 0.83478 0.82232 0.94988 3.9368 3.7364 3.6311 4.1308 5.8579 5.4785 6.6916 22.998 23.423 10.932 10.213 10.009 7.7635 3.9172 3.4803 13.951 18.383 10.827 0.58468 0.012854 0.015847 0.012109 0.00049304 9.7903e-05 2.3972e-05 8.9181e-06 4.4321e-06 3.0943e-06 2.2866e-06 1.6664e-06 1.1963e-06 8.6104e-07 6.1802e-07 4.3874e-07 3.0827e-07 1.3211e-07 3.2737e-08 6.725e-09
0.98012 0.99671 0.99602 1.0398 0.98012 4.7027 4.5559 4.4309 6.974 7.1388 7.1064 21.077 19.733 16.715 11.918 12.459 11.796 6.3491 4.4552 12.853 19.266 13.133 1.3749 0.033432 0.018155 0.019141 0.0010681 0.00022772 6.0726e-05 2.3546e-05 1.2897e-05 8.051e-06 5.7914e-06 4.2842e-06 3.0838e-06 2.2168e-06 1.5878e-06 1.1249e-06 7.9287e-07 3.3995e-07 8.4198e-08 1.7302e-08
1.2176 1.2379 1.2446 1.2708 1.2176 6.0436 6.1328 5.7473 7.24 9.1218 8.4204 14.873 18.098 26.18 18.513 16.09 16.256 11.296 6.8519 12.466 21.199 15.505 3.0583 0.091737 0.021624 0.027763 0.0028717 0.00050041 0.00015179 6.0397e-05 3.349e-05 2.2086e-05 1.4853e-05 1.0977e-05 7.8891e-06 5.6629e-06 4.0509e-06 2.8888e-06 2.0376e-06 8.7415e-07 2.1654e-07 4.45e-08
1.6244 1.6417 1.793 2.0732 7.7899 7.68 7.6181 7.18 7.8122 9.5704 11.114 12.025 26.036 37.398 1.6244 25.313 22.981 18.867 11.879 14.096 24.578 18.473 5.77 0.2355 0.029439 0.038588 0.0094707 0.0010647 0.00036745 0.00015459 8.5931e-05 5.6981e-05 3.9534e-05 2.8167e-05 2.0214e-05 1.4487e-05 1.034e-05 7.3493e-06 5.2073e-06 2.2512e-06 5.5702e-07 1.1445e-07
2.3348 3.1794 3.235 3.25 9.148 9.0007 9.0073 9.1828 9.5066 11.298 14.084 14.498 47.49 49.58 47.686 41.358 33.945 27.339 19.143 19.362 27.108 22.886 9.4635 0.59631 0.051712 0.052123 0.023555 0.0022654 0.00085919 0.00039112 0.00021976 0.00014636 0.00010166 7.2356e-05 5.186e-05 3.7118e-05 2.6453e-05 1.8761e-05 1.3251e-05 5.7758e-06 1.4335e-06 2.9435e-07
3.3559 3.6656 3.9874 4.0885 13.193 13.069 14.979 3.3559 18.668 19.64 21.921 26.231 62.8 58.204 67.429 62.769 51.541 36.446 28.456 27.836 33.232 28.88 14.405 1.6029 0.12063 0.071256 0.045507 0.005154 0.0019716 0.00097287 0.00056578 0.00037444 0.00026164 0.00018603 0.0001332 9.5221e-05 6.7776e-05 4.7996e-05 3.3829e-05 1.4779e-05 3.6871e-06 7.5708e-07
7.679 9.2952 9.9986 10.319 26.473 26.397 26.415 27.527 28.931 30.463 32.887 7.679 67.42 72.38 81.773 85.901 78.817 51.811 41.846 38.999 40.551 36.027 19.668 4.0734 0.32048 0.11081 0.076945 0.013645 0.0046027 0.00239 0.0014414 0.00096382 0.00067171 0.00047857 0.00034233 0.00024452 0.00017386 0.00012298 8.655e-05 3.7564e-05 9.4826e-06 1.947e-06
21.195 21.231 21.188 21.176 41.548 45.065 45.418 46.925 48.532 50.633 52.738 64.426 77.922 102.52 97.682 103.75 108.34 76.837 62.373 53.642 48.549 40.641 26.483 8.6236 0.90548 0.21317 0.12956 0.039778 0.011126 0.005866 0.0036308 0.0024594 0.0017302 0.0012282 0.00087969 0.00062798 0.00044625 0.00031538 0.00022173 9.5841e-05 2.4371e-05 5.0087e-06
30.44 30.498 30.031 29.943 65.868 65.47 65.236 65.137 66.384 67.947 70.467 87.343 100.61 147.69 132.37 129.93 135.84 112.11 86.562 70.852 58.089 49.015 34.986 15.23 2.516 0.49821 0.23458 0.10159 0.027738 0.014451 0.0090696 0.006211 0.0044156 0.0031529 0.0022487 0.0016113 0.0011449 0.00080897 0.00056842 0.00024504 6.248e-05 1.289e-05
45.235 45.072 44.687 44.538 160.31 159.54 159.06 157.37 157.84 158.9 160.8 172.6 195.74 229.19 232.65 219.99 212.75 179.98 119.54 91.563 70.751 58.489 41.99 23.724 6.4444 1.3104 0.48743 0.2275 0.071152 0.035937 0.022518 0.015549 0.01114 0.0080184 0.0057627 0.0041079 0.0029322 0.002073 0.0014568 0.00062724 0.00015897 3.3142e-05
62.452 62.159 61.638 61.608 390.16 389.77 389.52 388.86 388.23 385.72 389.1 394.52 398.15 386.08 392.73 387.72 365.69 307.99 192.26 126.7 91.367 71.481 54.658 34.629 13.678 3.5286 1.1482 0.50164 0.1852 0.088292 0.055154 0.038281 0.027698 0.020086 0.014557 0.010471 0.0074407 0.0052943 0.003726 0.0016056 0.00040487 8.523e-05
78.249 77.201 76.775 76.603 538.61 538.76 539.03 539.69 540.39 540.9 541.54 545.39 544.21 503.14 497.61 494.93 483.63 408.03 289.38 181.35 125.11 92.488 70.744 48.627 24.545 8.8789 2.9679 1.1933 0.48861 0.21668 0.13332 0.092281 0.06713 0.049322 0.036012 0.026166 0.018817 0.013348 0.0094714 0.0041021 0.0010333 0.00021886
91.604 91.14 91.049 90.817 577.77 578.02 578.04 579.2 580.41 581.1 581.76 585.19 591.44 572.86 550.97 543.38 536.1 472.34 383.06 255.05 190.1 124.57 92.603 63.32 39.736 18.947 7.4836 3.008 1.2858 0.5401 0.32182 0.22003 0.15966 0.11796 0.087018 0.063709 0.046337 0.033342 0.023644 0.010413 0.0026372 0.00056104
99.377 100.17 99.879 99.874 544.4 543.68 540.82 543.7 548.95 549.5 550.03 551.29 559.32 559.59 556.63 551.16 537.52 510.08 434.42 329.53 233.76 167.86 124.77 88.032 60.58 35.39 17.427 7.5463 3.3387 1.3925 0.78111 0.52541 0.37739 0.27828 0.20581 0.15162 0.11099 0.080744 0.05811 0.026056 0.0067111 0.0014238
97.003 97.254 104.39 105.69 534.07 532.7 533 531.76 530.67 530.09 528.96 526.99 516.23 492.23 479.89 470.07 456.42 484.51 448.05 380.68 294.33 222.48 164.36 120.18 88.716 59.655 35.093 17.434 8.3157 3.6436 1.9017 1.2654 0.90148 0.66054 0.48693 0.35835 0.26264 0.1915 0.13899 0.063539 0.016933 0.0036189
113.99 108.3 108.35 108.39 536.81 536.54 536.35 535.4 531.96 734.31 530.3 525.12 443.5 493.03 478.36 479.42 470.61 446.8 420.61 387.49 369.15 283.38 220.75 169.66 124.05 90.801 60.629 35.464 19.656 9.4842 4.7446 3.0869 2.1925 1.5991 1.1736 0.85893 0.62659 0.45513 0.32933 0.15266 0.042008 0.0091815
107.78 107.88 108.19 111.29 318.83 546.26 545.72 544.25 542.6 544.49 539.71 537.36 532.91 522.19 517.71 512.92 506.8 485.49 439.27 423.78 400.84 329.46 284.4 237.32 181.86 133.97 95.44 64.21 39.766 22.867 12.06 7.6126 5.4167 3.9509 2.8948 2.1104 1.5301 1.1045 0.79337 0.36347 0.10178 0.023113
100.51 113.93 104.95 100.02 647.03 646.16 645.58 643.12 640.48 638.91 637.63 634.01 630.3 625.51 623.47 622.9 619.56 610.72 593.58 566.58 524.31 462.57 383.97 304.28 237.88 184.62 138.54 104.05 73.167 49.272 29.835 18.884 13.395 9.8217 7.2169 5.266 3.81 2.7367 1.9548 0.8776 0.24345 0.057232
118.04 118.12 128.42 131.37 1517.6 1515.2 1502.2 1497.7 1493.1 1490.5 1488.2 1482 1469.5 1453.4 1445.4 1438.7 1428.2 1388.2 1327.1 1236.6 1107.4 937.31 738.56 543.62 384.49 273.03 205.24 162.31 127.47 96.387 69.028 46.957 33.248 24.465 18.062 13.234 9.5932 6.8875 4.9058 2.1737 0.58452 0.13868
171.63 171.61 187.24 172 3372 3367.7 3364.7 3352.2 3339 3331.2 3324.2 3303.4 3265.9 3215.3 3192.3 3175.2 3145.7 3049.4 2913.5 2715 2431.8 2046 1574.2 1090 697.34 454.67 328.29 260.82 216.49 177.09 138.46 108.24 81.308 60.911 45.361 33.454 24.328 17.493 12.458 5.4874 1.4334 0.3315
292.76 292.7 292.64 292.63 6663.5 6657.8 6653.8 6637.4 6619.8 6609.6 6600.2 6572 6520.3 6446.7 6412 6382.7 6337 6168.1 5909.3 5523.1 4964.1 4193.7 3225.1 2195.9 1357.7 853.26 600.45 473.01 397.97 341.26 288.55 236.76 188.55 146.58 111.64 83.226 61.019 44.168 31.592 13.951 3.5913 0.79679
538.97 538.89 538.82 538.8 7239.6 7233.3 7229 7211.2 7192.3 7181.1 7171 7140.6 7085 7009.2 6975.1 6947.3 6905.2 6760.7 6558.1 6270.4 5858.6 5272.2 4455.9 3399 2309.2 1530 1103 880.1 749.94 656.82 575.12 494.57 413.49 334.94 263.12 201.22 150.29 110.13 79.474 35.483 9.1055 1.9635
757.65 757.59 757.52 757.51 7693.7 7687.1 7682.6 7663.7 7643.7 7631.9 7621.1 7589 7530 7449.6 7413.3 7383.7 7339.1 7185.3 6969.9 6663.7 6225.6 5603.9 4757.8 3719.6 2689.4 1936.9 1508 1284.4 1160.4 1075.6 997.54 910.14 807.83 693.38 573.77 458.23 354.37 266.57 195.98 89.649 23.25 4.9378
796.4 796.32 796.22 796.2 8045 8038.3 8033.5 8013.7 7993 7980.6 7969.4 7935.8 7874.3 7790.4 7752.5 7721.5 7674.8 7514.1 7288.8 6968.4 6510.2 5860.1 4975.6 3890.5 2814 2030.5 1592.9 1383.3 1297.7 1276.6 1282.4 1284.5 1257.6 1187.1 1072 924.06 761.47 602.43 460.25 222.07 59.215 12.562
