0.31062 0.31072 0.31081 0.31085 0.3109 0.31083 0.31093 0.31109 0.31062 0.31129 0.31135 0.31062 0.31062 0.31062 0.31062 0.31062 0.31062 0.31062 0.31062 0.34484 0.34505 0.345 0.34496 0.34482 0.34477 0.34468 0.34456 0.34437 0.34408 0.34363 0.34294 0.34193 0.34048 0.33847 0.33577 0.33242 0.329 0.32623 0.32451 0.32407 0.3331 0.38059
0.20109 0.31023 0.31071 0.31074 0.31044 0.31081 0.31083 0.31083 0.31103 0.31108 0.31113 0.31128 0.3404 0.20109 0.34093 0.34106 0.20109 0.20109 0.20109 0.3441 0.34482 0.34503 0.34498 0.34493 0.34477 0.3447 0.34456 0.34438 0.34408 0.34363 0.34294 0.34193 0.34048 0.33847 0.33577 0.33242 0.32901 0.32623 0.3245 0.32407 0.33309 0.38053
0.19809 0.21904 0.28887 0.29011 0.30917 0.3093 0.30952 0.31079 0.31088 0.31082 0.3109 0.31107 0.34012 0.34038 0.19809 0.3406 0.34074 0.19809 0.19809 0.34273 0.34399 0.34479 0.34501 0.34495 0.34489 0.3447 0.34458 0.34438 0.34409 0.34363 0.34294 0.34193 0.34048 0.33847 0.33577 0.33242 0.32901 0.32622 0.32451 0.32405 0.33302 0.38055
0.19501 0.21619 0.23596 0.2421 0.24776 0.29209 0.29288 0.29576 0.30885 0.30878 0.30979 0.31119 0.3399 0.3401 0.34019 0.34026 0.34036 0.34071 0.19501 0.34181 0.34266 0.34388 0.34476 0.34497 0.34491 0.34481 0.34469 0.3444 0.34409 0.34363 0.34294 0.34193 0.34048 0.33847 0.33577 0.33242 0.32901 0.32623 0.3245 0.32406 0.33303 0.38054
0.19197 0.21316 0.23311 0.23954 0.24531 0.25126 0.2548 0.2666 0.29753 0.29865 0.29953 0.30902 0.33863 0.33989 0.33995 0.34007 0.34009 0.34034 0.34068 0.19197 0.34175 0.34259 0.34376 0.34472 0.34491 0.34484 0.3447 0.34451 0.34411 0.34364 0.34294 0.34193 0.34048 0.33847 0.33577 0.33242 0.32901 0.32622 0.3245 0.32405 0.33303 0.38046
0.18879 0.21013 0.23037 0.23672 0.2426 0.24867 0.25228 0.26457 0.27342 0.27747 0.28046 0.30119 0.33786 0.33861 0.33862 0.33882 0.33945 0.34007 0.34032 0.34065 0.34109 0.34169 0.34251 0.34364 0.34466 0.34481 0.34472 0.34452 0.34422 0.34366 0.34295 0.34193 0.34048 0.33847 0.33577 0.33242 0.32901 0.32622 0.3245 0.32406 0.33305 0.38049
0.18538 0.20687 0.22744 0.23392 0.23993 0.24612 0.24984 0.26225 0.27137 0.27568 0.27885 0.28601 0.3315 0.33854 0.33855 0.33863 0.33874 0.33914 0.33985 0.34029 0.34062 0.34105 0.34163 0.34242 0.34351 0.34457 0.34468 0.34454 0.34423 0.34377 0.34297 0.34193 0.34048 0.33848 0.33577 0.33242 0.32901 0.32623 0.3245 0.32406 0.33304 0.38048
0.18164 0.20342 0.22427 0.23084 0.18164 0.24338 0.24718 0.26001 0.26944 0.27368 0.27697 0.28462 0.31983 0.33345 0.33419 0.33471 0.33491 0.33887 0.33917 0.33976 0.34017 0.34058 0.341 0.34156 0.34231 0.34335 0.34445 0.34448 0.34425 0.34378 0.34308 0.34196 0.34049 0.33848 0.33577 0.33242 0.32901 0.32622 0.3245 0.32406 0.33305 0.38048
0.17798 0.19973 0.22083 0.22755 0.23383 0.24035 0.2443 0.25751 0.26733 0.27175 0.27519 0.28294 0.31837 0.32533 0.32733 0.32857 0.33498 0.33596 0.33899 0.33928 0.33965 0.34011 0.34053 0.34094 0.34147 0.34219 0.34316 0.34426 0.34417 0.3438 0.34309 0.34206 0.34051 0.33848 0.33577 0.33242 0.32901 0.32622 0.3245 0.32406 0.33305 0.38051
0.17391 0.19577 0.21714 0.22399 0.2304 0.23708 0.24112 0.25474 0.26496 0.26954 0.27316 0.2813 0.31709 0.32413 0.32641 0.32775 0.32937 0.33616 0.33677 0.3391 0.33938 0.3397 0.34008 0.34043 0.34086 0.34136 0.34202 0.3429 0.34396 0.34371 0.34311 0.34208 0.34062 0.3385 0.33578 0.33242 0.32901 0.32623 0.3245 0.32406 0.33305 0.38049
0.16957 0.19151 0.21314 0.22011 0.22666 0.23351 0.23765 0.25171 0.26231 0.26711 0.27087 0.27945 0.31567 0.32314 0.32527 0.32668 0.32839 0.33229 0.33702 0.33731 0.3392 0.33945 0.33972 0.34006 0.34037 0.34076 0.3412 0.34178 0.34253 0.3435 0.343 0.3421 0.34063 0.33861 0.3358 0.33242 0.32901 0.32623 0.3245 0.32406 0.33305 0.3805
0.16491 0.18691 0.20879 0.21589 0.22257 0.22959 0.23384 0.24836 0.25937 0.2644 0.26834 0.27737 0.314 0.32196 0.3243 0.32581 0.32762 0.33147 0.33436 0.33767 0.33777 0.33928 0.3394 0.33973 0.34001 0.34029 0.34061 0.34098 0.34144 0.34201 0.3428 0.34197 0.34066 0.33862 0.3359 0.33244 0.32903 0.32623 0.3245 0.32406 0.33305 0.3805
0.15989 0.18192 0.20403 0.21125 0.21807 0.22526 0.22963 0.24462 0.25609 0.26134 0.26548 0.275 0.31206 0.32064 0.32307 0.32474 0.32669 0.33096 0.33369 0.33581 0.33715 0.33809 0.33933 0.33942 0.33971 0.33994 0.34016 0.34039 0.34066 0.34094 0.34126 0.34176 0.34051 0.33865 0.33592 0.33255 0.32904 0.32625 0.32451 0.32406 0.33305 0.3805
0.15445 0.17648 0.1988 0.20614 0.2131 0.22046 0.22495 0.24043 0.25238 0.25788 0.26223 0.27229 0.30985 0.31903 0.32169 0.32345 0.32563 0.33018 0.33321 0.33523 0.33683 0.33776 0.33886 0.33936 0.33946 0.33966 0.33983 0.33996 0.34008 0.34017 0.34021 0.34018 0.34021 0.33849 0.33594 0.33256 0.32914 0.32625 0.32453 0.32406 0.33304 0.3805
0.14853 0.14853 0.19302 0.20047 0.20757 0.2151 0.21971 0.23571 0.24816 0.25394 0.25852 0.26917 0.30728 0.31717 0.32005 0.32197 0.3243 0.32927 0.33267 0.33485 0.33633 0.33754 0.33821 0.339 0.33935 0.3394 0.33957 0.33964 0.33966 0.33961 0.33946 0.33915 0.33867 0.33809 0.33577 0.33259 0.32916 0.32636 0.32453 0.32406 0.33304 0.3805
0.14206 0.14206 0.1866 0.19415 0.20138 0.20908 0.21381 0.23035 0.24334 0.24941 0.25424 0.26554 0.30426 0.31497 0.31811 0.3202 0.32275 0.32821 0.33192 0.33442 0.33606 0.33708 0.33802 0.33851 0.33907 0.33931 0.33928 0.33939 0.33935 0.3392 0.33891 0.33842 0.33767 0.33661 0.33529 0.3324 0.32918 0.32637 0.32463 0.32406 0.33305 0.3805
0.13499 0.15671 0.13499 0.18708 0.19442 0.20229 0.20714 0.22422 0.23778 0.24417 0.24927 0.2613 0.30068 0.31233 0.31577 0.31807 0.32088 0.32691 0.33104 0.33382 0.33567 0.33688 0.3376 0.33834 0.33877 0.33909 0.33922 0.33911 0.33911 0.3389 0.3385 0.33788 0.33695 0.33563 0.33386 0.33184 0.32898 0.3264 0.32465 0.32408 0.33305 0.38049
0.12728 0.14872 0.17143 0.17914 0.12728 0.1946 0.19956 0.21718 0.23134 0.23806 0.24345 0.25627 0.2964 0.30914 0.31293 0.31547 0.31859 0.32531 0.32995 0.33308 0.33514 0.33654 0.33743 0.33794 0.33854 0.33885 0.33903 0.33906 0.33881 0.33866 0.33821 0.33748 0.33642 0.33494 0.3329 0.33046 0.32834 0.32619 0.32468 0.32419 0.33305 0.3805
0.11897 0.13995 0.1625 0.17024 0.11897 0.18588 0.19094 0.20906 0.22382 0.23089 0.2366 0.2503 0.29121 0.30524 0.30944 0.31227 0.31575 0.32331 0.32857 0.33213 0.3345 0.33608 0.33714 0.33781 0.33816 0.33865 0.33884 0.33889 0.33878 0.33837 0.33798 0.3372 0.33604 0.33442 0.33222 0.32954 0.32701 0.32546 0.32446 0.3242 0.33305 0.3805
0.1102 0.13051 0.15268 0.16037 0.16789 0.17607 0.18119 0.19972 0.21505 0.22248 0.22851 0.24314 0.28488 0.30039 0.1102 0.30827 0.3122 0.32078 0.32681 0.33092 0.33367 0.33551 0.33673 0.33755 0.33804 0.33827 0.33865 0.33874 0.33863 0.33832 0.33799 0.33697 0.33576 0.33404 0.33172 0.32887 0.32611 0.32419 0.32366 0.32423 0.33307 0.3805
0.10095 0.12061 0.14211 0.14966 0.15708 0.16522 0.17035 0.18912 0.20491 0.21265 0.219 0.23456 0.27709 0.29432 0.29962 0.30321 0.30768 0.31753 0.32452 0.32934 0.33259 0.33476 0.33621 0.33716 0.33777 0.33816 0.33829 0.33853 0.33842 0.3382 0.33712 0.3368 0.33554 0.33377 0.33136 0.32839 0.32547 0.32331 0.32242 0.32405 0.33317 0.3805
0.092485 0.11065 0.13113 0.13841 0.14562 0.15358 0.15863 0.092485 0.19339 0.20137 0.20797 0.22439 0.26746 0.28664 0.29263 0.29673 0.30185 0.31328 0.3215 0.32723 0.33113 0.33374 0.3355 0.33667 0.33743 0.3379 0.33817 0.33819 0.33802 0.338 0.33753 0.33616 0.33537 0.33355 0.33109 0.32803 0.325 0.32268 0.32156 0.32355 0.33318 0.3805
0.084389 0.10111 0.12025 0.12713 0.13399 0.14162 0.14649 0.16475 0.18074 0.18881 0.19554 0.084389 0.25562 0.27686 0.28365 0.28833 0.29423 0.30761 0.31742 0.32435 0.32911 0.33232 0.33451 0.33597 0.33694 0.33756 0.33791 0.33804 0.33796 0.33762 0.33734 0.33653 0.33487 0.33339 0.33088 0.32777 0.32465 0.32222 0.32095 0.32218 0.3332 0.3805
0.077436 0.092577 0.1101 0.11647 0.12285 0.12999 0.13458 0.15197 0.16749 0.17545 0.18215 0.19943 0.24124 0.26445 0.27207 0.2774 0.28418 0.29991 0.31175 0.32027 0.32623 0.33032 0.33308 0.33497 0.33623 0.33706 0.33757 0.33781 0.33784 0.33755 0.33697 0.33635 0.33511 0.33303 0.33072 0.32757 0.3244 0.32189 0.3205 0.32127 0.33317 0.38053
0.072149 0.085625 0.10137 0.10713 0.11293 0.11946 0.12368 0.13982 0.15447 0.16208 0.16856 0.18553 0.22409 0.24881 0.25721 0.26316 0.27087 0.28925 0.30363 0.3143 0.32193 0.32725 0.3309 0.33342 0.33513 0.33628 0.33702 0.33743 0.33756 0.33742 0.33689 0.33598 0.33493 0.33313 0.33012 0.32741 0.3242 0.32164 0.32017 0.32062 0.33294 0.38065
0.069193 0.080942 0.094781 0.099881 0.10503 0.11086 0.11463 0.12922 0.14264 0.14969 0.15575 0.17185 0.20397 0.22938 0.23833 0.24479 0.2533 0.27436 0.29172 0.3052 0.31519 0.32234 0.32738 0.33087 0.33332 0.33499 0.33611 0.3368 0.33712 0.33713 0.33674 0.3359 0.33457 0.33296 0.33046 0.32682 0.32404 0.32145 0.31993 0.32014 0.33171 0.38066
0.069626 0.079497 0.091264 0.095546 0.10008 0.10512 0.1084 0.12117 0.13307 0.1394 0.14486 0.15958 0.1808 0.20571 0.2148 0.2215 0.23049 0.25373 0.27416 0.29102 0.30419 0.31407 0.32126 0.32639 0.33008 0.33268 0.33448 0.33567 0.33636 0.33659 0.33641 0.33569 0.33447 0.3326 0.33029 0.32716 0.32337 0.32129 0.31974 0.31979 0.3306 0.38068
0.075461 0.082921 0.09225 0.095781 0.099393 0.10353 0.10624 0.11691 0.12704 0.13241 0.13716 0.15005 0.15535 0.17818 0.18684 0.19333 0.20222 0.22629 0.24905 0.2693 0.2863 0.29988 0.31034 0.31815 0.32398 0.32826 0.33134 0.33349 0.33489 0.33563 0.33577 0.33535 0.33424 0.33256 0.32994 0.32699 0.32379 0.32064 0.31959 0.31953 0.32981 0.38058
0.090578 0.094382 0.10023 0.10263 0.10518 0.10817 0.11015 0.11821 0.12611 0.13043 0.13423 0.1448 0.13228 0.15056 0.15785 0.16345 0.17129 0.19367 0.21658 0.23877 0.25909 0.27674 0.29141 0.30321 0.31245 0.31962 0.32506 0.32908 0.3319 0.33369 0.33456 0.33459 0.33385 0.33227 0.32989 0.32664 0.32363 0.32105 0.31894 0.31934 0.32924 0.38035
0.12401 0.12066 0.12038 0.12092 0.12174 0.12292 0.12383 0.12812 0.13297 0.13581 0.13841 0.14596 0.12463 0.13412 0.13853 0.14211 0.1474 0.16394 0.18291 0.20334 0.22406 0.24398 0.26222 0.27831 0.29201 0.30348 0.31281 0.32018 0.32574 0.32965 0.33204 0.33308 0.33295 0.33175 0.32957 0.3265 0.32328 0.32088 0.3193 0.31918 0.32882 0.37871
0.19216 0.1754 0.16356 0.16064 0.15829 0.15624 0.15521 0.15302 0.15293 0.15347 0.15419 0.15722 0.14932 0.14631 0.14619 0.14647 0.14736 0.15282 0.1624 0.17553 0.19125 0.20861 0.2266 0.24439 0.2613 0.27705 0.2912 0.30347 0.31359 0.32136 0.32675 0.32991 0.33113 0.33074 0.329 0.32624 0.32312 0.32054 0.31918 0.3186 0.32851 0.37752
0.31343 0.27645 0.24634 0.23777 0.23015 0.22269 0.21838 0.20508 0.19652 0.19311 0.1907 0.18625 0.20213 0.19177 0.18816 0.18558 0.18228 0.17505 0.17145 0.17216 0.17712 0.18586 0.19752 0.21134 0.22676 0.24317 0.26005 0.27673 0.29232 0.30577 0.31623 0.32335 0.32732 0.32863 0.32787 0.3256 0.32283 0.32035 0.31881 0.31891 0.32828 0.37667
0.50439 0.43912 0.38389 0.36754 0.35269 0.33764 0.32874 0.29954 0.27839 0.26901 0.26177 0.24556 0.26414 0.24989 0.2453 0.24199 0.2375 0.22535 0.21341 0.20259 0.19464 0.19056 0.19078 0.19501 0.20284 0.21379 0.22766 0.24412 0.26241 0.28097 0.29772 0.31088 0.31964 0.32425 0.32549 0.32435 0.32213 0.32001 0.31863 0.31872 0.32799 0.37605
0.78591 0.68066 0.5906 0.56365 0.53901 0.51382 0.49881 0.4487 0.41115 0.39395 0.38034 0.34853 0.35149 0.32184 0.31292 0.30691 0.29943 0.28231 0.26814 0.25448 0.24053 0.22694 0.21527 0.20702 0.20302 0.20344 0.20842 0.21799 0.23233 0.25078 0.27123 0.2905 0.30576 0.31573 0.32067 0.32175 0.32073 0.31919 0.31815 0.31828 0.32791 0.37558
1.1877 1.0261 0.88713 0.84543 0.80724 0.76808 0.74483 0.66631 0.60687 0.57937 0.55748 0.50555 0.48968 0.43481 0.41753 0.40561 0.39052 0.35578 0.3293 0.3093 0.29322 0.27834 0.26301 0.24733 0.23272 0.22109 0.21379 0.2117 0.21572 0.22637 0.24335 0.26417 0.28467 0.30107 0.31158 0.31655 0.31784 0.31753 0.31712 0.31791 0.32771 0.37522
1.7507 1.5106 1.3041 1.2419 1.1849 1.1264 1.0915 0.97382 0.88441 0.84291 0.80979 0.73084 0.69597 0.60801 0.57962 0.55974 0.53421 0.47309 0.42343 0.38414 0.354 0.33131 0.3134 0.29743 0.28107 0.26386 0.24709 0.23299 0.22367 0.22102 0.2266 0.2404 0.25987 0.28015 0.29662 0.30707 0.31218 0.31414 0.315 0.31712 0.32741 0.3749
2.531 2.1828 1.8828 1.7924 1.7096 1.6245 1.5736 1.4022 1.2717 1.211 1.1626 1.0468 0.99039 0.8588 0.8159 0.7857 0.74664 0.65155 0.57157 0.50511 0.45083 0.40761 0.37421 0.34903 0.32943 0.31244 0.29529 0.27701 0.25877 0.2433 0.23367 0.23277 0.24166 0.25799 0.27657 0.29206 0.30212 0.30761 0.31069 0.31526 0.32673 0.3744
3.6066 3.1095 2.6811 2.5521 2.4337 2.3121 2.2394 1.9943 1.8075 1.7206 1.6511 1.485 1.4014 1.2113 1.149 1.1051 1.0481 0.90844 0.78929 0.68814 0.60291 0.53188 0.47364 0.42699 0.39072 0.36325 0.34206 0.32416 0.30625 0.28722 0.26822 0.2527 0.24464 0.24693 0.25825 0.27336 0.28699 0.29643 0.30264 0.31141 0.32517 0.37392
5.0847 4.3833 3.7788 3.5967 3.4296 3.2579 3.1552 2.8091 2.5452 2.4224 2.3242 2.0893 1.9696 1.6998 1.6114 1.5489 1.4678 1.2684 1.0972 0.95067 0.82554 0.71921 0.62946 0.55448 0.49279 0.44312 0.40425 0.37462 0.35187 0.33286 0.31426 0.29469 0.27566 0.26136 0.25609 0.26055 0.2705 0.28092 0.28965 0.3039 0.32229 0.37271
7.1136 6.132 5.2859 5.031 4.797 4.5567 4.4129 3.9283 3.5588 3.3868 3.2492 2.9201 2.7515 2.3731 2.2489 2.1612 2.0472 1.7667 1.5253 1.3179 1.1398 0.98723 0.85689 0.74602 0.65231 0.57384 0.50905 0.45662 0.41531 0.38354 0.35907 0.33872 0.31924 0.29926 0.28089 0.26852 0.26485 0.26792 0.27424 0.29122 0.31618 0.37004
