0.00011339 8.6194e-05 7.7985e-05 7.2507e-05 6.7771e-05 6.2985e-05 4.751e-05 3.7645e-05 0.00011339 2.94e-05 2.7442e-05 0.00011339 0.00011339 0.00011339 0.00011339 0.00011339 0.00011339 0.00011339 0.00011339 3.7548e-06 0.0043403 0.014752 1.2911e-06 8.9547e-07 6.1945e-07 4.2709e-07 2.9365e-07 2.013e-07 1.3759e-07 9.3772e-08 6.3729e-08 4.3192e-08 2.9197e-08 1.9687e-08 1.3244e-08 8.8894e-09 5.9541e-09 3.9807e-09 2.6566e-09 1.0275e-09 2.246e-10 4.1709e-11
0.25182 0.1951 0.00016508 0.00015026 0.0001371 0.00014084 0.00013392 9.6682e-05 8.1944e-05 7.5472e-05 7.0437e-05 5.8801e-05 4.5914e-05 0.25182 91.756 0.0030542 0.25182 0.25182 0.25182 9.5941e-06 6.8011e-06 0.14374 3.3206e-06 2.3045e-06 1.593e-06 1.0986e-06 7.5523e-07 5.1774e-07 3.5387e-07 2.4118e-07 1.639e-07 1.1109e-07 7.5092e-08 5.0634e-08 3.4061e-08 2.2862e-08 1.5314e-08 1.0238e-08 6.8318e-09 2.6426e-09 5.7761e-10 1.0722e-10
559.27 559.27 559.27 0.46427 0.82907 0.42702 0.29647 0.00024829 0.00021045 0.00019355 0.00018072 0.00015095 0.00011633 8.8071e-05 559.27 0.0033108 0.0034309 559.27 559.27 2.4405e-05 1.7362e-05 0.16817 8.5395e-06 5.9271e-06 4.0996e-06 2.8253e-06 1.9428e-06 1.3315e-06 9.1016e-07 6.2029e-07 4.2155e-07 2.8571e-07 1.9313e-07 1.3023e-07 8.7603e-08 5.8801e-08 3.9386e-08 2.633e-08 1.7572e-08 6.7956e-09 1.4848e-09 2.7582e-10
175.19 2.1043 0.55214 0.51764 1.028 0.7887 0.55165 0.29641 0.12558 0.1302 0.080405 0.0003885 0.00029794 0.00022641 0.00020277 0.00019008 0.00017438 0.00012142 175.19 6.2298e-05 0.024428 0.013051 2.1895e-05 1.5241e-05 1.0546e-05 7.2697e-06 5e-06 3.4252e-06 2.3408e-06 1.5954e-06 1.0842e-06 7.3482e-07 4.9671e-07 3.3493e-07 2.2531e-07 1.5123e-07 1.013e-07 6.772e-08 4.5192e-08 1.7479e-08 3.819e-09 7.0932e-10
61.352 5.226 0.90113 0.534 1.1514 0.88678 0.61013 0.34537 0.14643 0.13865 0.1376 0.055578 0.071558 0.00057723 0.00051857 0.00047929 0.00043301 20.726 1.2415 61.352 0.00011271 0.021921 5.585e-05 3.908e-05 61.352 1.8698e-05 1.2911e-05 8.8142e-06 6.0214e-06 4.103e-06 2.7886e-06 1.8899e-06 1.2775e-06 8.6142e-07 5.7947e-07 3.8895e-07 2.6053e-07 1.7417e-07 1.1623e-07 4.4953e-08 9.8223e-09 1.8233e-09
0.35307 10.937 0.62631 0.7661 0.50484 1.1157 0.47593 0.37755 0.19172 0.14384 0.14371 0.14188 0.08128 0.002834 0.001592 0.0017611 0.0023141 0.00079864 0.00057373 0.00040811 0.0002883 3.2979 0.00014217 9.9608e-05 6.9514e-05 4.8075e-05 3.3063e-05 2.2664e-05 1.5487e-05 1.0562e-05 7.0631e-06 4.8609e-06 3.2858e-06 2.2155e-06 1.4904e-06 1.0004e-06 6.7006e-07 4.4795e-07 2.9894e-07 1.1562e-07 2.5265e-08 4.6901e-09
8.8517 7.1746 10.344 15.649 30.86 2.3526 1.0411 1.0685 0.25775 0.16835 0.15216 0.1345 0.05798 0.0072322 0.0037245 0.0034351 0.0037842 0.0020396 0.001453 0.0010462 0.00073842 36.845 0.000363 0.00025362 0.00017707 0.00012327 8.4988e-05 5.8293e-05 3.9831e-05 2.7121e-05 1.8412e-05 1.2485e-05 9.4877e-06 5.6983e-06 3.8331e-06 2.5728e-06 1.7233e-06 1.1521e-06 7.6882e-07 2.9736e-07 6.4976e-08 1.2062e-08
12.286 6.3421 12.454 13.862 12.286 37.83 39.329 8.1424 15.296 3.9299 0.17688 0.30761 0.064933 0.021086 0.0093535 0.0086795 0.0077318 0.0052654 0.0037657 0.0026524 0.0018797 0.0013281 0.00092852 0.00064756 0.00045091 0.00031379 0.00021792 0.0001498 0.00010249 6.9845e-05 4.7469e-05 3.2152e-05 2.1684e-05 1.4508e-05 1.0417e-05 6.6172e-06 4.4323e-06 2.9631e-06 1.9774e-06 7.6478e-07 1.6712e-07 3.1023e-08
17.053 8.072 13.906 13.328 18.965 32.841 40.547 12.39 14.524 18.201 13.302 3.6904 0.099302 0.046135 0.067204 0.022439 0.018266 0.013047 0.009558 0.0067499 0.0047717 0.0033755 0.0023765 0.0016562 0.0011513 0.00079918 0.0005544 0.00038411 0.00026326 0.00017964 0.00012209 8.2792e-05 5.5923e-05 3.8407e-05 2.5984e-05 1.6375e-05 1.301e-05 7.6209e-06 5.0856e-06 1.967e-06 4.2982e-07 7.9805e-08
32.231 12.148 16.734 15.149 16.544 27.504 37.02 20.555 13.903 19.496 18.155 4.7153 4.6082 2.2901 0.99992 0.40907 0.048643 0.034436 0.027301 0.017632 0.012234 0.0085956 0.0060433 0.0042218 0.0029436 0.0020402 0.0014121 0.00097663 0.0006751 0.00046133 0.00031397 0.00021277 0.00014372 9.7003e-05 6.5031e-05 4.5453e-05 3.0453e-05 2.3357e-05 2.1035e-05 5.0588e-06 1.1055e-06 2.0522e-07
56.481 22.404 20.574 19.516 18.373 24.267 32.514 33.266 14.912 19.771 22.376 7.2728 5.5003 2.9028 1.8073 0.86571 0.31453 0.1619 0.066778 0.044212 0.034601 0.022234 0.01539 0.010777 0.0075035 0.0052135 0.0036038 0.0024871 0.0017151 0.0011829 0.00080602 0.00054726 0.00036996 0.00024948 0.00016713 0.00011254 7.5003e-05 5.1433e-05 2.9064e-05 2.4266e-05 2.8431e-06 5.2786e-07
104.11 49.568 35.814 30.261 26.22 26.798 32.079 49.432 20.143 21.389 25.735 12.393 6.5984 3.7596 2.9931 1.8302 0.73214 0.31539 0.15949 0.11519 0.081573 0.059346 0.039166 0.028205 0.019115 0.01328 0.0091984 0.0063433 0.0043663 0.0030026 0.0020663 0.0014044 0.00095117 0.00064147 0.00043157 0.00028899 0.00019321 0.00013148 8.7577e-05 4.5992e-05 7.3122e-06 1.3576e-06
196.27 121.22 86.116 68.794 55.81 50.841 48.069 73.429 35.742 29.023 32.277 22.457 9.0814 5.3943 4.6517 3.5163 1.753 0.6546 0.39568 0.2826 0.20417 0.14747 0.10388 0.072118 0.04981 0.034163 0.023387 0.016146 0.011123 0.0076385 0.0052398 0.0035985 0.0024398 0.0016488 0.0011095 0.00074473 0.00049861 0.0003333 0.00022278 9.1981e-05 4.9972e-05 3.4915e-06
390.96 283.04 225.49 188.54 145.7 112.8 102.14 116.99 71.675 51.67 48.227 40.95 14.482 9.2753 7.7596 6.6252 4.2119 1.5685 1.0176 0.71693 0.50507 0.36325 0.25729 0.18117 0.126 0.087169 0.059955 0.04143 0.028247 0.019422 0.013313 0.0091125 0.0062429 0.0042269 0.0028509 0.0019145 0.001283 0.00085807 0.00057251 0.0002291 0.00011333 8.9798e-06
669.06 669.06 555.28 515.07 415.83 305.69 254.81 213.52 157.94 115.18 87.019 74.274 28.391 18.122 14.459 12.832 9.699 3.9633 2.6049 1.8273 1.2898 0.90671 0.63718 0.45107 0.31437 0.21864 0.15159 0.10437 0.072046 0.049524 0.033749 0.023103 0.015789 0.010795 0.0073024 0.0049182 0.0032963 0.0022047 0.001472 0.00057178 0.00015655 3.8254e-05
1132.7 1132.7 1076.1 1078.5 989.43 801.74 624.87 424.03 329.02 249.59 181.74 138.03 63.743 40.136 31.902 27.893 22.716 11.054 7.051 4.7693 3.3117 2.3228 1.6138 1.133 0.78547 0.5474 0.37886 0.26221 0.18053 0.12446 0.085526 0.058589 0.039902 0.027244 0.018602 0.012576 0.0084594 0.0056622 0.0037811 0.0014605 0.00031761 8.6879e-05
1873.9 1732.4 1873.9 2009.6 2038.4 1905.3 1624.8 882.82 663.09 593.53 452.76 298.11 164.84 99.467 80.418 68.742 56.854 31.702 19.685 12.848 8.7901 6.0358 4.1488 2.8783 1.9937 1.3773 0.95135 0.65572 0.45226 0.31077 0.21383 0.14681 0.10033 0.068736 0.046789 0.031925 0.021584 0.014511 0.0096974 0.0037492 0.00083708 0.00040403
2911.8 2764 2557.6 2639.7 2911.8 3694.3 3491.1 2023.8 1303.5 1109.7 911.53 615.46 409.89 265.89 216.73 184.14 151.33 89.315 54.568 35.4 23.558 15.86 10.801 7.3963 5.0941 3.5036 2.4093 1.6556 1.1343 0.77888 0.53348 0.36591 0.25015 0.1718 0.11718 0.079983 0.054559 0.036902 0.024809 0.0096561 0.0021231 0.00056464
4017.3 4013.5 3893.2 3973 4017.3 6183.5 6295.4 4436.1 2839.6 2333.8 2007.9 1316.4 962.46 691.46 591.35 512.06 417.3 246.7 148.56 94.421 62.067 41.527 28.051 19.083 13.071 8.9595 6.1428 4.2065 2.8773 1.9626 1.3416 0.91543 0.62378 0.42763 0.29157 0.19916 0.13594 0.092736 0.062821 0.024686 0.0054389 0.0011479
4493.4 4888.3 6251.6 8822 9099.1 9564.1 9892.6 8566.1 5618.5 4667.5 4036.2 2921.4 2227.8 1687.6 4493.4 1316.9 1097.1 668.13 407.28 253.57 164.45 109.14 72.904 49.308 33.641 22.941 15.718 10.742 7.3322 4.9968 3.4045 2.3131 1.5691 1.0706 0.72688 0.49515 0.33744 0.23003 0.15691 0.06271 0.01396 0.0027073
4395.1 10566 11357 11605 11992 12519 13078 13779 10714 9810 9898.1 7478.7 4767.5 3600.3 3307.7 3024 2590.3 1592.3 1022.3 651.41 424.77 282.33 188.75 127.36 86.604 59.024 40.239 27.495 18.739 12.765 8.6398 5.8888 3.9871 2.7068 1.83 1.2402 0.84112 0.57111 0.38835 0.15747 0.035541 0.0067602
4298.9 6021.4 7758.4 8415.1 9327.2 10522 16780 4298.9 26085 22241 19240 13606 9091.3 7295.1 6962.8 6667.8 6019.3 3904.9 2552.6 1663.5 1094.8 731.55 488.85 329.18 223.33 151.94 103.5 70.489 47.97 32.694 22.218 15.005 10.196 6.896 4.653 3.1396 2.1186 1.4308 0.96743 0.39193 0.090132 0.01697
2283 11229 16034 17689 19157 21115 22367 28191 30620 29471 27635 2283 21869 16399 16178 15561 14648 10224 6705.1 4342.7 2826 1875.4 1253.2 844.29 572.69 389.75 265.62 180.97 123.21 83.758 56.977 38.64 26.063 17.648 11.899 8.0111 5.3875 3.6235 2.4373 0.97235 0.22629 0.043585
4058.5 5214.7 6560.8 7045 7560.6 31701 35874 50390 58501 59138 57494 48572 36033 28073 27314 27527 27960 23289 15532 10248 6842.7 4604.4 3126.3 2126.6 1451.2 992.35 678.34 463.23 315.92 214.95 145.93 99.095 67.068 45.194 30.497 20.512 13.777 9.2439 6.1978 2.4436 0.56589 0.11081
7766.2 9702.3 11953 12856 13754 14783 15443 18035 22731 25747 28660 76788 74971 60879 56849 54915 53647 47541 34720 23932 16390 11264 7753.7 5329.5 3667.5 2525.3 1728.7 1183.8 808.75 551.25 374.61 253.89 172.07 116.21 77.996 52.62 35.313 23.665 15.843 6.2019 1.4202 0.2783
17133 19851 23407 25011 26702 28886 30242 35696 41269 44359 47034 54529 65532 72765 72245 71422 70140 64067 60034 52759 38038 26997 18922 13215 9184.9 6359.7 4388.3 3016.7 2066.6 1411.4 960.63 651.7 440.87 298.19 200.98 134.61 90.632 60.706 40.603 15.83 3.5699 0.6962
43462 46929 52413 55024 57944 61532 63969 73894 84579 90362 95526 1.0892e+05 1.2929e+05 1.4112e+05 1.4261e+05 1.4298e+05 1.4255e+05 1.3621e+05 1.217e+05 1.0217e+05 81913 62275 45375 32360 22803 15948 11079 7654.6 5264 3604.4 2458.7 1670.4 1131.4 763.94 515.66 346.86 231.7 155.83 104.19 40.535 9.045 1.7516
1.4111e+05 1.3583e+05 1.3713e+05 1.3981e+05 1.4344e+05 1.4849e+05 1.5222e+05 1.6918e+05 1.8736e+05 1.9755e+05 2.0649e+05 2.3022e+05 2.6164e+05 2.8482e+05 2.8952e+05 2.917e+05 2.9312e+05 3.0092e+05 2.8283e+05 2.4039e+05 1.9245e+05 1.4774e+05 1.0977e+05 79590 56842 40122 28058 19471 13432 9217.8 6296.7 4285 2904.1 1963.6 1322.1 890.48 597.81 398.52 267.54 103.97 23.056 4.4451
1.3191e+06 1.5236e+06 1.6861e+06 1.7226e+06 1.7518e+06 1.7887e+06 1.7926e+06 1.7733e+06 1.7191e+06 1.6622e+06 1.6373e+06 1.5295e+06 1.3826e+06 1.2189e+06 1.1481e+06 1.1015e+06 1.0375e+06 8.6102e+05 7.0876e+05 5.7732e+05 4.5987e+05 3.5622e+05 2.7071e+05 1.9864e+05 1.428e+05 1.014e+05 71258 49612 34317 23587 16135 10989 7457.5 5042.1 3400 2284 1535 1028.4 684.32 266.9 58.962 11.34
2.3649e+06 1.9347e+06 1.622e+06 1.5478e+06 1.4891e+06 1.4385e+06 1.4133e+06 1.6837e+06 1.7157e+06 1.7531e+06 1.7902e+06 1.9306e+06 2.1709e+06 2.3459e+06 2.3546e+06 2.3344e+06 2.2795e+06 1.9937e+06 1.6375e+06 1.3578e+06 1.0567e+06 8.3145e+05 6.3895e+05 4.7879e+05 3.5018e+05 2.5198e+05 1.7871e+05 1.2532e+05 87101 60098 41219 28125 19108 12933 8726.5 5867.8 3936.4 2640.4 1764.5 685.39 151.06 28.757
8.0325e+06 6.6486e+06 5.5432e+06 5.2527e+06 5.0063e+06 4.7732e+06 4.643e+06 4.2508e+06 3.9932e+06 3.8834e+06 3.7995e+06 3.6113e+06 3.3957e+06 3.2101e+06 3.1454e+06 3.0976e+06 3.0318e+06 2.8409e+06 2.6198e+06 2.36e+06 2.0858e+06 1.7599e+06 1.4245e+06 1.1098e+06 8.3567e+05 6.1427e+05 4.4238e+05 3.1361e+05 2.1967e+05 1.5241e+05 1.0494e+05 71813 48890 33139 22380 15069 10113 6771.8 4533.5 1754.3 387.45 73.26
1.3435e+07 1.1889e+07 1.0599e+07 1.0254e+07 9.9616e+06 9.6846e+06 9.5301e+06 9.0611e+06 8.7382e+06 8.5905e+06 8.467e+06 8.1537e+06 7.6945e+06 7.21e+06 7.0263e+06 6.8885e+06 6.6982e+06 6.1639e+06 5.6056e+06 5.0223e+06 4.4124e+06 3.7767e+06 3.1372e+06 2.513e+06 1.9516e+06 1.4703e+06 1.0796e+06 7.7661e+05 5.4976e+05 3.8437e+05 2.6613e+05 1.8284e+05 1.2483e+05 84791 57348 38647 25970 17395 11626 4523 994.44 187.18
1.8074e+07 1.6008e+07 1.4298e+07 1.385e+07 1.3478e+07 1.3137e+07 1.2955e+07 1.2464e+07 1.2222e+07 1.2149e+07 1.2108e+07 1.207e+07 1.2109e+07 1.2128e+07 1.2101e+07 1.2063e+07 1.1982e+07 1.1576e+07 1.0881e+07 9.9971e+06 8.964e+06 7.8354e+06 6.6782e+06 5.522e+06 4.421e+06 3.4275e+06 2.5796e+06 1.8925e+06 1.3598e+06 9.612e+05 6.7084e+05 4.6353e+05 3.1778e+05 2.1648e+05 1.4673e+05 99029 66602 44671 29879 11613 2550.3 479.12
2.223e+07 1.969e+07 1.7586e+07 1.7034e+07 1.6575e+07 1.6154e+07 1.5929e+07 1.532e+07 1.5017e+07 1.4925e+07 1.4874e+07 1.4838e+07 1.4975e+07 1.5287e+07 1.5435e+07 1.5553e+07 1.5722e+07 1.6175e+07 1.6456e+07 1.6352e+07 1.5732e+07 1.4603e+07 1.3075e+07 1.1298e+07 9.4265e+06 7.5954e+06 5.9164e+06 4.4682e+06 3.2855e+06 2.3633e+06 1.6707e+06 1.1652e+06 8.0414e+05 5.5042e+05 3.7431e+05 2.5324e+05 1.706e+05 1.1454e+05 76691 29781 6558.6 1227.9
2.6173e+07 2.3181e+07 2.0993e+07 2.0333e+07 1.9784e+07 1.928e+07 1.8748e+07 1.8027e+07 1.7665e+07 1.7554e+07 1.7491e+07 1.7439e+07 1.7583e+07 1.7927e+07 1.8096e+07 1.8236e+07 1.8446e+07 1.9131e+07 1.9966e+07 2.0866e+07 2.162e+07 2.1898e+07 2.1406e+07 2.0043e+07 1.7936e+07 1.5355e+07 1.2607e+07 9.9582e+06 7.5974e+06 5.6264e+06 4.0658e+06 2.8817e+06 2.0119e+06 1.3885e+06 9.4974e+05 6.4515e+05 4.3587e+05 2.9322e+05 1.9656e+05 76502 16849 3150.3
2.9536e+07 2.6158e+07 2.3359e+07 2.2625e+07 2.2013e+07 2.1452e+07 2.1151e+07 2.0334e+07 1.9923e+07 1.9795e+07 1.9722e+07 1.9659e+07 1.9812e+07 2.0188e+07 2.0373e+07 2.0526e+07 2.0756e+07 2.1504e+07 2.2433e+07 2.3545e+07 2.4835e+07 2.6227e+07 2.7485e+07 2.8178e+07 2.7841e+07 2.6229e+07 2.3464e+07 1.9948e+07 1.6182e+07 1.2592e+07 9.4579e+06 6.9013e+06 4.9216e+06 3.4486e+06 2.3842e+06 1.6317e+06 1.1081e+06 7.4811e+05 5.0275e+05 1.9637e+05 43281 8086.5
3.2296e+07 2.8601e+07 2.5538e+07 2.4734e+07 2.4064e+07 2.345e+07 2.312e+07 2.2224e+07 2.1772e+07 2.1631e+07 2.155e+07 2.1477e+07 2.1637e+07 2.2041e+07 2.224e+07 2.2405e+07 2.2652e+07 2.3459e+07 2.4458e+07 2.5652e+07 2.7045e+07 2.8638e+07 3.0421e+07 3.2319e+07 3.4073e+07 3.5166e+07 3.4965e+07 3.3066e+07 2.9566e+07 2.5006e+07 2.0104e+07 1.5472e+07 1.1486e+07 8.2885e+06 5.8517e+06 4.064e+06 2.7881e+06 1.8955e+06 1.2799e+06 5.0284e+05 1.1112e+05 20735
3.4496e+07 3.0548e+07 2.7275e+07 2.6416e+07 2.5699e+07 2.5042e+07 2.4689e+07 2.3731e+07 2.3245e+07 2.3093e+07 2.3006e+07 2.2924e+07 2.309e+07 2.3515e+07 2.3725e+07 2.3899e+07 2.4161e+07 2.5014e+07 2.6073e+07 2.7338e+07 2.8812e+07 3.0496e+07 3.2384e+07 3.447e+07 3.6737e+07 3.9107e+07 4.1308e+07 4.2751e+07 4.2645e+07 4.0423e+07 3.6134e+07 3.0456e+07 2.4333e+07 1.8578e+07 1.3675e+07 9.7869e+06 6.8564e+06 4.7292e+06 3.225e+06 1.2828e+06 2.8469e+05 53328
3.6216e+07 3.2069e+07 2.8631e+07 2.7729e+07 2.6976e+07 2.6285e+07 2.5914e+07 2.4906e+07 2.4394e+07 2.4234e+07 2.4141e+07 2.4052e+07 2.4222e+07 2.4663e+07 2.4882e+07 2.5063e+07 2.5335e+07 2.6225e+07 2.7329e+07 2.8651e+07 3.0192e+07 3.1951e+07 3.3924e+07 3.61e+07 3.8467e+07 4.1008e+07 4.3702e+07 4.6474e+07 4.9046e+07 5.0773e+07 5.0724e+07 4.816e+07 4.3065e+07 3.6232e+07 2.8835e+07 2.1898e+07 1.6022e+07 1.1396e+07 7.9381e+06 3.243e+06 7.2967e+05 1.3695e+05
3.7537e+07 3.3238e+07 2.9674e+07 2.8738e+07 2.7957e+07 2.724e+07 2.6855e+07 2.5809e+07 2.5277e+07 2.5109e+07 2.5013e+07 2.4918e+07 2.5091e+07 2.5543e+07 2.5769e+07 2.5955e+07 2.6236e+07 2.7152e+07 2.8292e+07 2.9655e+07 3.1247e+07 3.3066e+07 3.5105e+07 3.7356e+07 3.9803e+07 4.2428e+07 4.5211e+07 4.8134e+07 5.1173e+07 5.4259e+07 5.7119e+07 5.9068e+07 5.905e+07 5.6153e+07 5.0269e+07 4.2283e+07 3.3585e+07 2.5422e+07 1.8526e+07 8.0283e+06 1.8609e+06 3.5128e+05
