0.34152 0.34164 0.34175 0.34179 0.34184 0.34177 0.34188 0.34206 0.34152 0.34228 0.34235 0.34152 0.34152 0.34152 0.34152 0.34152 0.34152 0.34152 0.34152 0.34703 0.34726 0.34724 0.34723 0.34713 0.34714 0.34714 0.34716 0.34719 0.34724 0.34731 0.34739 0.34751 0.34767 0.34788 0.34817 0.34856 0.34907 0.34978 0.35076 0.35468 0.37235 0.45573
0.22108 0.34108 0.34162 0.34166 0.34133 0.34173 0.34176 0.34176 0.34199 0.34205 0.3421 0.34226 0.34254 0.22108 0.34307 0.3432 0.22108 0.22108 0.22108 0.34629 0.34703 0.34727 0.34725 0.34724 0.34714 0.34716 0.34716 0.3472 0.34724 0.34731 0.34739 0.34751 0.34767 0.34788 0.34816 0.34856 0.34908 0.34978 0.35075 0.35467 0.37227 0.45491
0.21775 0.2408 0.31757 0.31895 0.3399 0.34005 0.34029 0.3417 0.34181 0.34175 0.34184 0.34203 0.34224 0.34252 0.21775 0.34273 0.34288 0.21775 0.21775 0.34492 0.34619 0.34702 0.34728 0.34726 0.34725 0.34716 0.34719 0.3472 0.34724 0.34731 0.34739 0.34751 0.34767 0.34788 0.34816 0.34856 0.34908 0.34978 0.35075 0.35465 0.37207 0.45336
0.21428 0.2376 0.25936 0.26611 0.27235 0.32107 0.32195 0.32513 0.33954 0.33947 0.34059 0.34214 0.34201 0.34222 0.34231 0.34238 0.34249 0.34285 0.21428 0.34398 0.34486 0.3461 0.34702 0.34728 0.34727 0.34727 0.34729 0.34722 0.34725 0.34731 0.34739 0.34751 0.34767 0.34788 0.34816 0.34855 0.34908 0.34978 0.35075 0.35465 0.37193 0.45055
0.21073 0.2341 0.2561 0.26319 0.26955 0.2761 0.28 0.293 0.32701 0.32825 0.32923 0.33969 0.34068 0.34197 0.34205 0.34216 0.34219 0.34246 0.34282 0.21073 0.34393 0.3448 0.34601 0.34701 0.34727 0.34729 0.3473 0.34733 0.34727 0.34731 0.34739 0.34751 0.34767 0.34788 0.34816 0.34855 0.34908 0.34978 0.35075 0.35465 0.3718 0.44652
0.20674 0.23039 0.25278 0.25979 0.26629 0.273 0.27699 0.29056 0.30034 0.30483 0.30813 0.33094 0.33979 0.3406 0.34063 0.34084 0.34149 0.34214 0.34242 0.34278 0.34325 0.34388 0.34474 0.34593 0.34701 0.34727 0.34732 0.34733 0.34737 0.34733 0.3474 0.34751 0.34767 0.34788 0.34816 0.34856 0.34908 0.34978 0.35075 0.35465 0.37172 0.44265
0.20191 0.22593 0.24883 0.25602 0.26271 0.26959 0.27372 0.28752 0.29766 0.30245 0.30598 0.31395 0.33314 0.34033 0.34038 0.34048 0.34062 0.3411 0.34186 0.34236 0.34272 0.3432 0.34383 0.34468 0.34584 0.34701 0.34727 0.34735 0.34738 0.34744 0.34742 0.34751 0.34767 0.34788 0.34816 0.34855 0.34908 0.34978 0.35075 0.35465 0.37168 0.43993
0.19424 0.22019 0.2437 0.25109 0.19424 0.26519 0.26947 0.28391 0.29453 0.29932 0.30303 0.31168 0.32083 0.33473 0.33555 0.33613 0.33641 0.34055 0.34098 0.34166 0.34216 0.34264 0.34312 0.34376 0.3446 0.34576 0.34701 0.34728 0.34739 0.34744 0.34752 0.34753 0.34767 0.34788 0.34816 0.34855 0.34908 0.34978 0.35075 0.35465 0.37166 0.43852
0.18686 0.21213 0.23643 0.24414 0.25135 0.25885 0.26339 0.27859 0.28993 0.29505 0.29905 0.30808 0.31796 0.3255 0.32767 0.32904 0.3356 0.33695 0.34028 0.3408 0.34134 0.34195 0.34249 0.34301 0.34366 0.34451 0.34566 0.34701 0.34728 0.34744 0.34751 0.34763 0.34768 0.34787 0.34816 0.34855 0.34907 0.34978 0.35075 0.35465 0.37166 0.43793
0.17402 0.20015 0.22546 0.23356 0.24115 0.24908 0.25387 0.27014 0.28244 0.288 0.29241 0.30242 0.31353 0.32176 0.32442 0.32603 0.328 0.33556 0.33684 0.33968 0.34036 0.34099 0.34163 0.34219 0.34281 0.3435 0.34438 0.34554 0.34699 0.34729 0.3475 0.34761 0.34777 0.34788 0.34815 0.34854 0.34907 0.34977 0.35074 0.35464 0.37165 0.43764
0.15575 0.18248 0.20874 0.21724 0.22526 0.23369 0.23882 0.25641 0.26992 0.27614 0.28106 0.29248 0.30546 0.31531 0.31823 0.3202 0.32261 0.32821 0.3343 0.33573 0.33851 0.33946 0.34029 0.34107 0.34176 0.34247 0.34324 0.34417 0.34537 0.34694 0.34728 0.34755 0.34772 0.34794 0.34814 0.34852 0.34905 0.34976 0.35073 0.35464 0.37165 0.43756
0.13225 0.15853 0.185 0.19372 0.20203 0.21085 0.21626 0.23511 0.24994 0.25689 0.26245 0.2756 0.29104 0.3033 0.30709 0.30965 0.31282 0.32003 0.32573 0.33131 0.33335 0.33636 0.3377 0.339 0.34004 0.34097 0.34186 0.34277 0.34381 0.34509 0.34681 0.34722 0.3476 0.34785 0.34817 0.34848 0.34903 0.34973 0.35071 0.35462 0.37165 0.43751
0.10671 0.13087 0.15603 0.16451 0.17267 0.18143 0.18686 0.20614 0.22175 0.22923 0.23529 0.24997 0.26793 0.28304 0.28782 0.29118 0.2954 0.30547 0.31334 0.31986 0.32491 0.32891 0.33263 0.33476 0.33668 0.33824 0.33956 0.34076 0.34194 0.34318 0.34462 0.34653 0.34708 0.34759 0.34797 0.34843 0.34891 0.34966 0.35065 0.35459 0.37164 0.4375
0.084284 0.10516 0.12756 0.13526 0.14273 0.15085 0.15591 0.17419 0.18935 0.19675 0.20281 0.21782 0.23696 0.25397 0.25962 0.26363 0.26886 0.28169 0.29261 0.30184 0.30982 0.31629 0.32206 0.3265 0.32987 0.33275 0.33512 0.33712 0.33886 0.34047 0.34207 0.34377 0.34589 0.34676 0.34749 0.34806 0.34873 0.34944 0.3505 0.35451 0.37161 0.43749
0.068162 0.068162 0.10539 0.11215 0.11875 0.12595 0.13046 0.14682 0.16052 0.16725 0.1728 0.18664 0.20465 0.22123 0.22691 0.23101 0.23645 0.25043 0.26327 0.27492 0.28548 0.29507 0.30336 0.31082 0.31699 0.322 0.32635 0.32996 0.33299 0.33561 0.33793 0.34011 0.34228 0.34476 0.34609 0.34715 0.34803 0.34901 0.35009 0.3543 0.37155 0.43748
0.057629 0.057629 0.090609 0.096677 0.10262 0.1091 0.11317 0.12792 0.14023 0.14626 0.1512 0.16345 0.17921 0.19355 0.19847 0.20202 0.20676 0.21921 0.23119 0.24288 0.25432 0.26535 0.27607 0.28593 0.29515 0.30327 0.31025 0.31649 0.3218 0.32633 0.33024 0.33366 0.33675 0.33969 0.34279 0.34479 0.34638 0.34774 0.34921 0.35378 0.37139 0.43747
0.050354 0.064629 0.050354 0.086391 0.091958 0.098048 0.10188 0.11578 0.12736 0.133 0.13761 0.14893 0.1631 0.17547 0.17956 0.18248 0.18631 0.19612 0.2054 0.21463 0.22409 0.23395 0.24412 0.25473 0.26524 0.27552 0.28525 0.29414 0.3024 0.30971 0.31616 0.32181 0.32679 0.33123 0.33534 0.33941 0.34239 0.34481 0.34693 0.35254 0.37098 0.43744
0.044542 0.057847 0.073109 0.078542 0.044542 0.089798 0.093516 0.1071 0.11848 0.12403 0.12857 0.13968 0.15341 0.16499 0.1687 0.17128 0.17459 0.18262 0.18961 0.19612 0.20259 0.20947 0.21694 0.22508 0.23418 0.24384 0.25394 0.26419 0.2742 0.28406 0.29324 0.30171 0.3094 0.31633 0.32258 0.32832 0.33383 0.33823 0.34189 0.34973 0.36998 0.43737
0.0393 0.051717 0.06625 0.071494 0.0393 0.082464 0.086119 0.099597 0.11103 0.11666 0.12127 0.13261 0.14666 0.15841 0.16209 0.16464 0.16785 0.17531 0.18127 0.18624 0.19067 0.19505 0.19967 0.20477 0.21052 0.21735 0.22498 0.23351 0.24281 0.25258 0.26286 0.27309 0.28308 0.29262 0.30158 0.30991 0.31768 0.32508 0.33143 0.34347 0.36755 0.4372
0.034327 0.045788 0.059507 0.064533 0.069563 0.075174 0.078757 0.09213 0.10367 0.10941 0.11415 0.12592 0.1407 0.15314 0.034327 0.15973 0.16311 0.17081 0.17668 0.18118 0.18474 0.18788 0.19081 0.19383 0.19711 0.20082 0.20541 0.21072 0.21697 0.22421 0.23257 0.24162 0.25149 0.26181 0.27231 0.28275 0.29293 0.30277 0.31235 0.3312 0.36203 0.43675
0.029544 0.040026 0.052751 0.05749 0.062276 0.067663 0.071129 0.084252 0.095812 0.10165 0.1065 0.11873 0.13439 0.14785 0.15211 0.15504 0.15874 0.16717 0.17348 0.17816 0.18167 0.18434 0.18662 0.18865 0.19061 0.1927 0.19499 0.19788 0.20121 0.20536 0.20997 0.21633 0.22341 0.23159 0.24078 0.25082 0.2615 0.2726 0.28393 0.30997 0.35065 0.43563
0.025428 0.034622 0.046155 0.050525 0.054976 0.060035 0.063318 0.025428 0.087325 0.093165 0.098078 0.11065 0.1272 0.14181 0.14651 0.14977 0.15389 0.16336 0.17048 0.17571 0.17952 0.18227 0.18444 0.18617 0.18764 0.18899 0.19034 0.19174 0.19334 0.19554 0.1981 0.20088 0.20514 0.20999 0.21593 0.22303 0.23134 0.24084 0.25144 0.27991 0.33016 0.4329
0.021932 0.029885 0.040073 0.043994 0.048024 0.052648 0.055673 0.067495 0.078421 0.084128 0.088986 0.021932 0.11888 0.13464 0.13983 0.14345 0.14808 0.15885 0.16706 0.17311 0.1775 0.18059 0.18295 0.18473 0.18612 0.18725 0.18822 0.18911 0.19001 0.19098 0.19236 0.19391 0.19554 0.19821 0.2013 0.20524 0.21017 0.21629 0.22375 0.24702 0.3006 0.42651
0.019489 0.026205 0.034967 0.038386 0.041928 0.046028 0.048731 0.059456 0.06961 0.07501 0.079663 0.092045 0.10952 0.12621 0.13185 0.13585 0.141 0.15325 0.16281 0.16995 0.17516 0.1789 0.18155 0.18357 0.18508 0.18624 0.18715 0.1879 0.18856 0.18914 0.18975 0.19066 0.19163 0.19264 0.19428 0.19623 0.19876 0.20204 0.20628 0.22133 0.26748 0.41281
0.018662 0.024145 0.031441 0.034326 0.037338 0.040851 0.043185 0.052572 0.06166 0.066579 0.070864 0.082506 0.099581 0.11668 0.12266 0.12696 0.13258 0.14632 0.15742 0.16592 0.17219 0.17673 0.17991 0.18232 0.1841 0.18542 0.18642 0.18719 0.1878 0.18832 0.18873 0.18914 0.18981 0.19048 0.19091 0.19223 0.19352 0.19523 0.19749 0.20614 0.23946 0.38742
0.020724 0.024803 0.030496 0.032801 0.035231 0.038096 0.040015 0.047854 0.055619 0.059893 0.063659 0.074094 0.089988 0.10671 0.11278 0.11722 0.12313 0.13807 0.15072 0.16076 0.16835 0.17392 0.17795 0.18078 0.18294 0.18454 0.18572 0.18662 0.18729 0.18783 0.18824 0.18857 0.18888 0.18944 0.18996 0.19021 0.19128 0.19227 0.19359 0.19875 0.22096 0.34995
0.028903 0.030796 0.034286 0.035876 0.037539 0.039597 0.041005 0.04695 0.053071 0.056521 0.059604 0.068346 0.082215 0.097581 0.10337 0.10768 0.11354 0.12897 0.14281 0.15436 0.16345 0.17027 0.17527 0.17879 0.18147 0.18344 0.1849 0.18598 0.18679 0.1874 0.18789 0.18823 0.18855 0.18882 0.18934 0.18981 0.18993 0.19101 0.19192 0.19547 0.21124 0.31042
0.050422 0.048209 0.047799 0.0481 0.048608 0.049402 0.050029 0.053186 0.056972 0.059283 0.061412 0.067761 0.078557 0.091369 0.096419 0.10026 0.10559 0.1203 0.13443 0.14702 0.15748 0.16567 0.17183 0.17621 0.17956 0.18202 0.18385 0.1852 0.1862 0.18696 0.18752 0.18798 0.1883 0.18866 0.18889 0.18942 0.1899 0.19006 0.19119 0.19405 0.20672 0.28135
0.092222 0.085641 0.079743 0.078089 0.076697 0.075424 0.07476 0.073311 0.073328 0.073788 0.074411 0.077016 0.082994 0.09155 0.09523 0.098129 0.10229 0.11455 0.12742 0.13988 0.15102 0.16032 0.16763 0.17318 0.17715 0.18022 0.1825 0.18419 0.18546 0.1864 0.18711 0.18764 0.18809 0.18844 0.1888 0.18906 0.18963 0.19019 0.19045 0.19341 0.20465 0.26531
0.1472 0.13949 0.1317 0.12901 0.12637 0.1235 0.12171 0.11545 0.1107 0.10863 0.10711 0.10412 0.10255 0.10415 0.10551 0.10677 0.10881 0.11611 0.12533 0.13557 0.14583 0.15522 0.16319 0.16957 0.17432 0.17805 0.18084 0.18294 0.18451 0.18569 0.18658 0.18726 0.18778 0.18821 0.1886 0.18894 0.18932 0.18998 0.1906 0.19309 0.20367 0.2567
0.22393 0.20659 0.19346 0.18976 0.18642 0.183 0.18093 0.1736 0.16727 0.16401 0.16125 0.15412 0.14487 0.13756 0.13559 0.1344 0.13318 0.13217 0.13436 0.13918 0.14574 0.15304 0.16018 0.16652 0.17159 0.17579 0.17903 0.18151 0.1834 0.18484 0.18594 0.18677 0.18742 0.18794 0.18839 0.18883 0.18922 0.18971 0.19048 0.19257 0.20317 0.25266
0.35281 0.31408 0.28295 0.27415 0.26632 0.25865 0.2542 0.24017 0.23043 0.2261 0.22269 0.2145 0.20347 0.19206 0.18786 0.18478 0.18067 0.17052 0.16297 0.15869 0.15763 0.15922 0.16252 0.16648 0.17067 0.17446 0.17767 0.18027 0.18234 0.18397 0.18524 0.18623 0.187 0.18763 0.18815 0.18863 0.18913 0.18961 0.19023 0.19278 0.20287 0.2507
0.55835 0.48792 0.42883 0.41145 0.39574 0.37988 0.37054 0.34009 0.31824 0.30858 0.30114 0.28437 0.26615 0.25184 0.24719 0.24382 0.23922 0.22649 0.21338 0.20063 0.18988 0.18203 0.1774 0.17551 0.17559 0.17681 0.17853 0.18034 0.18202 0.1835 0.18474 0.18577 0.18661 0.18731 0.1879 0.18844 0.18896 0.18953 0.19019 0.19263 0.20256 0.24967
0.86545 0.75031 0.6521 0.62279 0.59605 0.56876 0.55253 0.49856 0.45839 0.44008 0.42567 0.39217 0.35381 0.32404 0.31509 0.30905 0.30155 0.28436 0.27006 0.25606 0.24138 0.2265 0.21283 0.20169 0.19367 0.18856 0.18578 0.18457 0.18435 0.18466 0.18523 0.1859 0.18656 0.18717 0.18774 0.18829 0.18883 0.18941 0.1901 0.19239 0.20254 0.24907
1.3064 1.1288 0.97633 0.9306 0.88874 0.84586 0.82039 0.73455 0.66971 0.63978 0.616 0.55974 0.49279 0.4376 0.42022 0.40823 0.39305 0.35814 0.33154 0.31146 0.29528 0.28019 0.26439 0.24782 0.23171 0.2177 0.2067 0.1988 0.19363 0.19047 0.18874 0.18794 0.18769 0.18777 0.18803 0.1884 0.18885 0.18939 0.19004 0.19237 0.20244 0.2487
1.9251 1.6612 1.4341 1.3658 1.3032 1.239 1.2005 1.0714 0.97323 0.92771 0.89139 0.80491 0.70035 0.61185 0.58328 0.56329 0.53759 0.47611 0.42616 0.38666 0.35638 0.33359 0.3156 0.29949 0.28282 0.26497 0.24697 0.23059 0.2171 0.20689 0.19977 0.19508 0.19219 0.19054 0.1897 0.18939 0.18942 0.1897 0.19021 0.19243 0.20238 0.24845
2.7831 2.4001 2.0703 1.971 1.8799 1.7863 1.7304 1.542 1.3985 1.3319 1.2786 1.1514 0.99661 0.86421 0.82104 0.79065 0.75135 0.65567 0.57521 0.50835 0.45376 0.4103 0.37674 0.35146 0.33181 0.31476 0.29743 0.27867 0.25926 0.24103 0.22549 0.21343 0.20473 0.19882 0.19504 0.19276 0.19153 0.191 0.191 0.19265 0.20233 0.24811
3.9656 3.4191 2.9481 2.8062 2.676 2.5423 2.4624 2.1929 1.9875 1.892 1.8156 1.633 1.4102 1.2189 1.1562 1.112 1.0547 0.91418 0.7943 0.69253 0.60679 0.53534 0.47678 0.42988 0.39345 0.36592 0.34475 0.32691 0.30901 0.28966 0.26925 0.24963 0.23246 0.21889 0.20892 0.20203 0.19761 0.19492 0.19349 0.19349 0.20228 0.24817
5.5909 4.8197 4.155 3.9548 3.771 3.5823 3.4694 3.0888 2.7986 2.6636 2.5556 2.2973 1.982 1.7105 1.6215 1.5586 1.477 1.2764 1.1042 0.95673 0.83084 0.72387 0.6336 0.5582 0.49619 0.44631 0.40735 0.37777 0.35521 0.33655 0.31833 0.29862 0.27756 0.25684 0.23847 0.22372 0.21275 0.20517 0.20028 0.19595 0.20279 0.24816
7.8218 6.7425 5.8122 5.5319 5.2746 5.0104 4.8523 4.3194 3.9131 3.724 3.5727 3.2109 2.7688 2.388 2.2631 2.1748 2.0601 1.7778 1.535 1.3263 1.1471 0.99363 0.86252 0.75101 0.65679 0.57795 0.51291 0.46039 0.41917 0.38773 0.3639 0.3445 0.32605 0.30619 0.28474 0.26328 0.244 0.22833 0.21662 0.20245 0.20411 0.24829
